-0.666769896199576	-1.0314614
-0.663486582493759	-1.0317013
-0.660203268787942	-1.0315599
-0.656919955082124	-1.0317849
-0.653636641376307	-1.0324755
-0.650353327670489	-1.0334249
-0.647070013964672	-1.0348698
-0.643786700258855	-1.0365177
-0.640503386553037	-1.0380828
-0.63722007284722	-1.0398458
-0.633936759141402	-1.0418059
-0.630653445435585	-1.0442294
-0.627370131729768	-1.0472726
-0.62408681802395	-1.0502828
-0.620803504318133	-1.0532833
-0.617520190612316	-1.056313
-0.614236876906498	-1.058966
-0.610953563200681	-1.0615357
-0.607670249494863	-1.0649512
-0.604386935789046	-1.0692317
-0.601103622083229	-1.0741297
-0.597820308377411	-1.07907
-0.594536994671594	-1.0832558
-0.591253680965776	-1.0874084
-0.587970367259959	-1.092311
-0.584687053554142	-1.0972508
-0.581403739848324	-1.101693
-0.578120426142507	-1.105696
-0.574837112436689	-1.1104029
-0.571553798730872	-1.1162934
-0.568270485025055	-1.1227189
-0.564987171319237	-1.1289601
-0.56170385761342	-1.1351043
-0.558420543907602	-1.1410617
-0.555137230201785	-1.1469579
-0.551853916495968	-1.152792
-0.54857060279015	-1.1589298
-0.545287289084333	-1.1653582
-0.542003975378516	-1.1714925
-0.538720661672698	-1.1774639
-0.535437347966881	-1.1837701
-0.532154034261063	-1.1902889
-0.528870720555246	-1.1964297
-0.525587406849429	-1.2027733
-0.522304093143611	-1.2093549
-0.519020779437794	-1.2160333
-0.515737465731976	-1.2223005
-0.512454152026159	-1.2278976
-0.509170838320342	-1.2336297
-0.505887524614524	-1.2401211
-0.502604210908707	-1.2472486
-0.499320897202889	-1.2543205
-0.496037583497072	-1.2610799
-0.492754269791255	-1.2675874
-0.489470956085437	-1.2740299
-0.48618764237962	-1.2808154
-0.482904328673802	-1.2871732
-0.479621014967985	-1.2938988
-0.476337701262168	-1.3005717
-0.47305438755635	-1.307029
-0.469771073850533	-1.3132837
-0.466487760144715	-1.3196131
-0.463204446438898	-1.3267456
-0.459921132733081	-1.3342093
-0.456637819027263	-1.3408988
-0.453354505321446	-1.3470516
-0.450071191615629	-1.3527323
-0.446787877909811	-1.3584129
-0.443504564203994	-1.3645545
-0.440221250498176	-1.3714161
-0.436937936792359	-1.3784473
-0.433654623086542	-1.385969
-0.430371309380724	-1.3926551
-0.427087995674907	-1.3991261
-0.423804681969089	-1.4058636
-0.420521368263272	-1.4124199
-0.417238054557455	-1.419494
-0.413954740851637	-1.426585
-0.41067142714582	-1.4325819
-0.407388113440002	-1.4385852
-0.404104799734185	-1.4447957
-0.400821486028368	-1.4511164
-0.39753817232255	-1.4576713
-0.394254858616733	-1.4644754
-0.390971544910915	-1.4709985
-0.387688231205098	-1.4772295
-0.384404917499281	-1.4831086
-0.381121603793463	-1.4888735
-0.377838290087646	-1.4948889
-0.374554976381828	-1.5004129
-0.371271662676011	-1.5057042
-0.367988348970194	-1.5112118
-0.364705035264376	-1.5175252
-0.361421721558559	-1.5246021
-0.358138407852742	-1.5311117
-0.354855094146924	-1.5365204
-0.351571780441107	-1.541899
-0.348288466735289	-1.5475316
-0.345005153029472	-1.5534093
-0.341721839323655	-1.5594149
-0.338438525617837	-1.5656458
-0.33515521191202	-1.5714412
-0.331871898206202	-1.5773362
-0.328588584500385	-1.5829133
-0.325305270794568	-1.5882366
-0.32202195708875	-1.5935634
-0.318738643382933	-1.5989007
-0.315455329677115	-1.6046406
-0.312172015971298	-1.6106133
-0.308888702265481	-1.6164819
-0.305605388559663	-1.6223141
-0.302322074853846	-1.627826
-0.299038761148029	-1.6330431
-0.295755447442211	-1.6379489
-0.292472133736394	-1.6427501
-0.289188820030576	-1.6477984
-0.285905506324759	-1.6529685
-0.282622192618942	-1.6585935
-0.279338878913124	-1.6642206
-0.276055565207307	-1.669965
-0.272772251501489	-1.6757302
-0.269488937795672	-1.6812818
-0.266205624089855	-1.6867019
-0.262922310384037	-1.6922883
-0.25963899667822	-1.6980542
-0.256355682972402	-1.7037684
-0.253072369266585	-1.7093551
-0.249789055560768	-1.7147864
-0.24650574185495	-1.7200139
-0.243222428149133	-1.7255248
-0.239939114443315	-1.7313374
-0.236655800737498	-1.7371037
-0.233372487031681	-1.7426156
-0.230089173325863	-1.7477796
-0.226805859620046	-1.7530086
-0.223522545914228	-1.7586734
-0.220239232208411	-1.7645636
-0.216955918502594	-1.7703983
-0.213672604796776	-1.7762026
-0.210389291090959	-1.7820274
-0.207105977385142	-1.7879753
-0.203822663679324	-1.7940735
-0.200539349973507	-1.8003767
-0.197256036267689	-1.8064953
-0.193972722561872	-1.8123139
-0.190689408856055	-1.818156
-0.187406095150237	-1.8243628
-0.18412278144442	-1.8310404
-0.180839467738602	-1.8377707
-0.177556154032785	-1.8440475
-0.174272840326968	-1.8500969
-0.17098952662115	-1.855721
-0.167706212915333	-1.8621018
-0.164422899209515	-1.8688377
-0.161139585503698	-1.8761978
-0.157856271797881	-1.8837756
-0.154572958092063	-1.8911762
-0.151289644386246	-1.8980833
-0.148006330680428	-1.9049633
-0.144723016974611	-1.9110016
-0.141439703268794	-1.9171737
-0.138156389562976	-1.9243449
-0.134873075857159	-1.9315825
-0.131589762151342	-1.9386433
-0.128306448445524	-1.945941
-0.125023134739707	-1.9535643
-0.121739821033889	-1.9609264
-0.118456507328072	-1.9686257
-0.115173193622255	-1.9768124
-0.111889879916437	-1.9848361
-0.10860656621062	-1.992093
-0.105323252504802	-1.999662
-0.102039938798985	-2.0073061
-0.0987566250931676	-2.0150363
-0.0954733113873502	-2.0238359
-0.0921899976815328	-2.032892
-0.0889066839757154	-2.0414321
-0.085623370269898	-2.0503497
-0.0823400565640806	-2.0592539
-0.0790567428582633	-2.0681224
-0.0757734291524459	-2.0765066
-0.0724901154466284	-2.0843203
-0.0692068017408111	-2.0919819
-0.0659234880349937	-2.1004024
-0.0626401743291762	-2.1098039
-0.0593568606233589	-2.1200361
-0.0560735469175415	-2.1296196
-0.052790233211724	-2.1390808
-0.0495069195059067	-2.1481199
-0.0462236058000893	-2.1562583
-0.042940292094272	-2.1641822
-0.0396569783884545	-2.1713669
-0.0363736646826371	-2.1790006
-0.0330903509768198	-2.1876009
-0.0298070372710023	-2.1985824
-0.026523723565185	-2.2088826
-0.0232404098593676	-2.2162511
-0.0199570961535502	-2.2233982
-0.0166737824477328	-2.2356067
-0.0133904687419154	-2.2483931
-0.010107155036098	-2.2580104
-0.00682384133028058	NAN
-0.00354052762446322	NAN
-0.00025721391864586	NAN
0.00302609978717161	NAN
0.00630941349298897	-2.2571537
0.00959272719880633	-2.2504387
0.0128760409046237	-2.2412021
0.0161593546104412	-2.2243924
0.0194426683162585	-2.2077341
0.0227259820220759	-2.1993105
0.0260092957278933	-2.1949639
0.0292926094337107	-2.1877046
0.0325759231395281	-2.1806884
0.0358592368453455	-2.1730034
0.0391425505511629	-2.1649714
0.0424258642569803	-2.1563308
0.0457091779627976	-2.1477969
0.0489924916686151	-2.139123
0.0522758053744324	-2.1304257
0.0555591190802498	-2.1216693
0.0588424327860673	-2.1134222
0.0621257464918846	-2.1045511
0.065409060197702	-2.0951743
0.0686923739035193	-2.0869403
0.0719756876093368	-2.0790021
0.0752590013151542	-2.0708048
0.0785423150209715	-2.0620909
0.081825628726789	-2.0527966
0.0851089424326064	-2.0441153
0.0883922561384237	-2.0356593
0.0916755698442412	-2.0278068
0.0949588835500585	-2.0201316
0.0982421972558759	-2.0124371
0.101525510961693	-2.0045741
0.104808824667511	-1.9959921
0.108092138373328	-1.9874171
0.111375452079145	-1.9791698
0.114658765784963	-1.9718144
0.11794207949078	-1.9644554
0.121225393196598	-1.9563417
0.124508706902415	-1.9483092
0.127792020608232	-1.9411684
0.13107533431405	-1.9346414
0.134358648019867	-1.9279039
0.137641961725685	-1.9205128
0.140925275431502	-1.9127933
0.144208589137319	-1.9050851
0.147491902843137	-1.8977515
0.150775216548954	-1.8908124
0.154058530254772	-1.8844919
0.157341843960589	-1.8781079
0.160625157666406	-1.8716382
0.163908471372224	-1.8652565
0.167191785078041	-1.8586655
0.170475098783859	-1.8517122
0.173758412489676	-1.8453318
0.177041726195493	-1.8396012
0.180325039901311	-1.8334572
0.183608353607128	-1.8271255
0.186891667312945	-1.8212862
0.190174981018763	-1.8156488
0.19345829472458	-1.8098005
0.196741608430398	-1.8039867
0.200024922136215	-1.7980319
0.203308235842033	-1.792246
0.20659154954785	-1.7868603
0.209874863253667	-1.7815437
0.213158176959485	-1.7760588
0.216441490665302	-1.770242
0.219724804371119	-1.7640741
0.223008118076937	-1.758059
0.226291431782754	-1.7521126
0.229574745488572	-1.7462524
0.232858059194389	-1.7405285
0.236141372900206	-1.7350696
0.239424686606024	-1.7297728
0.242708000311841	-1.7247723
0.245991314017659	-1.7196968
0.249274627723476	-1.7142096
0.252557941429293	-1.7087518
0.255841255135111	-1.7031676
0.259124568840928	-1.6977386
0.262407882546746	-1.6922547
0.265691196252563	-1.6870122
0.26897450995838	-1.6819661
0.272257823664198	-1.6768768
0.275541137370015	-1.6715653
0.278824451075833	-1.6661859
0.28210776478165	-1.6610929
0.285391078487467	-1.6556036
0.288674392193285	-1.6500148
0.291957705899102	-1.6445622
0.295241019604919	-1.6389389
0.298524333310737	-1.6329585
0.301807647016554	-1.6266477
0.305090960722372	-1.6208229
0.308374274428189	-1.6156105
0.311657588134006	-1.6104529
0.314940901839824	-1.604848
0.318224215545641	-1.5993584
0.321507529251459	-1.5935179
0.324790842957276	-1.588143
0.328074156663093	-1.583361
0.331357470368911	-1.5788082
0.334640784074728	-1.5735848
0.337924097780545	-1.5677774
0.341207411486363	-1.5616895
0.34449072519218	-1.555712
0.347774038897998	-1.5492882
0.351057352603815	-1.5428364
0.354340666309633	-1.53705
0.35762398001545	-1.5318238
0.360907293721267	-1.5261866
0.364190607427085	-1.5205293
0.367473921132902	-1.5142365
0.370757234838719	-1.5084885
0.374040548544537	-1.5023975
0.377323862250354	-1.4970251
0.380607175956172	-1.4909714
0.383890489661989	-1.4846151
0.387173803367806	-1.4785545
0.390457117073624	-1.4726814
0.393740430779441	-1.4666746
0.397023744485259	-1.4604557
0.400307058191076	-1.4539343
0.403590371896893	-1.4477988
0.406873685602711	-1.4415195
0.410156999308528	-1.434584
0.413440313014345	-1.4275503
0.416723626720163	-1.4209545
0.42000694042598	-1.4147886
0.423290254131798	-1.4090531
0.426573567837615	-1.4027923
0.429856881543433	-1.3965508
0.43314019524925	-1.3899043
0.436423508955067	-1.383122
0.439706822660885	-1.3762305
0.442990136366702	-1.369377
0.44627345007252	-1.3626329
0.449556763778337	-1.356411
0.452840077484154	-1.3506358
0.456123391189972	-1.3447201
0.459406704895789	-1.338452
0.462690018601606	-1.3317579
0.465973332307424	-1.3249767
0.469256646013241	-1.3183593
0.472539959719059	-1.3124727
0.475823273424876	-1.3064375
0.479106587130693	-1.3004115
0.482389900836511	-1.294149
0.485673214542328	-1.2875974
0.488956528248146	-1.2802638
0.492239841953963	-1.2730716
0.49552315565978	-1.2667619
0.498806469365598	-1.2605747
0.502089783071415	-1.2538743
0.505373096777232	-1.2471452
0.50865641048305	-1.2408881
0.511939724188867	-1.2350153
0.515223037894685	-1.229423
0.518506351600502	-1.2233435
0.52178966530632	-1.2168046
0.525072979012137	-1.2102116
0.528356292717954	-1.2037311
0.531639606423772	-1.1978266
0.534922920129589	-1.1922196
0.538206233835406	-1.1865768
0.541489547541224	-1.1801908
0.544772861247041	-1.1734486
0.548056174952859	-1.1672659
0.551339488658676	-1.1612163
0.554622802364493	-1.1551131
0.557906116070311	-1.1491666
0.561189429776128	-1.1431693
0.564472743481946	-1.1373645
0.567756057187763	-1.1318909
0.57103937089358	-1.1270341
0.574322684599398	-1.1221249
0.577605998305215	-1.1173126
0.580889312011032	-1.1123302
0.58417262571685	-1.106904
0.587455939422667	-1.1019571
0.590739253128485	-1.0971149
0.594022566834302	-1.0918765
0.59730588054012	-1.0873634
0.600589194245937	-1.083535
0.603872507951754	-1.0799873
0.607155821657572	-1.0760354
0.610439135363389	-1.0722995
0.613722449069206	-1.06891
0.617005762775024	-1.0660139
0.620289076480841	-1.0628289
0.623572390186659	-1.060079
0.626855703892476	-1.0575554
0.630139017598293	-1.0546958
0.633422331304111	-1.0519298
0.636705645009928	-1.0496598
0.639988958715746	-1.0478158
0.643272272421563	-1.0456014
0.64655558612738	-1.0429379
0.649838899833198	-1.040689
0.653122213539015	-1.039335
0.656405527244832	-1.0388899
0.65968884095065	-1.0384699
0.662972154656467	-1.0386223
