-0.666769896199576	-1.4744
-0.663486582493759	-1.4723473
-0.660203268787942	-1.4722533
-0.656919955082124	-1.4737805
-0.653636641376307	-1.4745221
-0.650353327670489	-1.4745243
-0.647070013964672	-1.4743047
-0.643786700258855	-1.4763913
-0.640503386553037	-1.4786956
-0.63722007284722	-1.4827856
-0.633936759141402	-1.4831613
-0.630653445435585	-1.4810634
-0.627370131729768	-1.4808376
-0.62408681802395	-1.4829065
-0.620803504318133	-1.4875996
-0.617520190612316	-1.4915317
-0.614236876906498	-1.4957118
-0.610953563200681	-1.4988226
-0.607670249494863	-1.5029494
-0.604386935789046	-1.5062304
-0.601103622083229	-1.5096027
-0.597820308377411	-1.5124604
-0.594536994671594	-1.5153037
-0.591253680965776	-1.5179583
-0.587970367259959	-1.519527
-0.584687053554142	-1.5213919
-0.581403739848324	-1.5252099
-0.578120426142507	-1.5298144
-0.574837112436689	-1.5340003
-0.571553798730872	-1.5384521
-0.568270485025055	-1.5440948
-0.564987171319237	-1.5500705
-0.56170385761342	-1.5552448
-0.558420543907602	-1.5603973
-0.555137230201785	-1.5644518
-0.551853916495968	-1.5690397
-0.54857060279015	-1.5737222
-0.545287289084333	-1.5787067
-0.542003975378516	-1.5833626
-0.538720661672698	-1.5875818
-0.535437347966881	-1.5924041
-0.532154034261063	-1.5969839
-0.528870720555246	-1.6022449
-0.525587406849429	-1.6081672
-0.522304093143611	-1.6146779
-0.519020779437794	-1.6211089
-0.515737465731976	-1.6271051
-0.512454152026159	-1.6327163
-0.509170838320342	-1.637619
-0.505887524614524	-1.6420809
-0.502604210908707	-1.6468416
-0.499320897202889	-1.6518263
-0.496037583497072	-1.6581864
-0.492754269791255	-1.6644911
-0.489470956085437	-1.6706376
-0.48618764237962	-1.6764796
-0.482904328673802	-1.6820368
-0.479621014967985	-1.6880759
-0.476337701262168	-1.6935822
-0.47305438755635	-1.6981467
-0.469771073850533	-1.702719
-0.466487760144715	-1.7081634
-0.463204446438898	-1.714588
-0.459921132733081	-1.721366
-0.456637819027263	-1.7271775
-0.453354505321446	-1.7327995
-0.450071191615629	-1.738368
-0.446787877909811	-1.7435243
-0.443504564203994	-1.7479974
-0.440221250498176	-1.7527792
-0.436937936792359	-1.7580808
-0.433654623086542	-1.7645611
-0.430371309380724	-1.7708713
-0.427087995674907	-1.776426
-0.423804681969089	-1.7818482
-0.420521368263272	-1.7865987
-0.417238054557455	-1.7913582
-0.413954740851637	-1.7966663
-0.41067142714582	-1.802399
-0.407388113440002	-1.8086909
-0.404104799734185	-1.8152919
-0.400821486028368	-1.8219246
-0.39753817232255	-1.8284063
-0.394254858616733	-1.8343798
-0.390971544910915	-1.8401495
-0.387688231205098	-1.8453844
-0.384404917499281	-1.8502659
-0.381121603793463	-1.8551742
-0.377838290087646	-1.8605883
-0.374554976381828	-1.8658473
-0.371271662676011	-1.870991
-0.367988348970194	-1.8762342
-0.364705035264376	-1.8815687
-0.361421721558559	-1.8864686
-0.358138407852742	-1.8913869
-0.354855094146924	-1.8969781
-0.351571780441107	-1.9031655
-0.348288466735289	-1.9091355
-0.345005153029472	-1.9143796
-0.341721839323655	-1.9193894
-0.338438525617837	-1.9241166
-0.33515521191202	-1.9289647
-0.331871898206202	-1.9344286
-0.328588584500385	-1.9407305
-0.325305270794568	-1.9472474
-0.32202195708875	-1.9531529
-0.318738643382933	-1.9577901
-0.315455329677115	-1.9623076
-0.312172015971298	-1.9668312
-0.308888702265481	-1.9717877
-0.305605388559663	-1.9773157
-0.302322074853846	-1.9830724
-0.299038761148029	-1.9884201
-0.295755447442211	-1.9935998
-0.292472133736394	-1.9992586
-0.289188820030576	-2.0051155
-0.285905506324759	-2.0109172
-0.282622192618942	-2.0168061
-0.279338878913124	-2.0226858
-0.276055565207307	-2.0286362
-0.272772251501489	-2.0343111
-0.269488937795672	-2.0390239
-0.266205624089855	-2.04284
-0.262922310384037	-2.0475538
-0.25963899667822	-2.0529485
-0.256355682972402	-2.0583324
-0.253072369266585	-2.0642226
-0.249789055560768	-2.0700674
-0.24650574185495	-2.0758238
-0.243222428149133	-2.0818684
-0.239939114443315	-2.087863
-0.236655800737498	-2.0935056
-0.233372487031681	-2.0987105
-0.230089173325863	-2.1041996
-0.226805859620046	-2.1097031
-0.223522545914228	-2.11587
-0.220239232208411	-2.1217778
-0.216955918502594	-2.127511
-0.213672604796776	-2.1325164
-0.210389291090959	-2.1375105
-0.207105977385142	-2.143106
-0.203822663679324	-2.1490898
-0.200539349973507	-2.1547384
-0.197256036267689	-2.159838
-0.193972722561872	-2.1644511
-0.190689408856055	-2.1688802
-0.187406095150237	-2.1747212
-0.18412278144442	-2.1808205
-0.180839467738602	-2.1871037
-0.177556154032785	-2.1930928
-0.174272840326968	-2.1983671
-0.17098952662115	-2.2033999
-0.167706212915333	-2.2082837
-0.164422899209515	-2.2137783
-0.161139585503698	-2.2198455
-0.157856271797881	-2.2254293
-0.154572958092063	-2.2303338
-0.151289644386246	-2.2354989
-0.148006330680428	-2.2407091
-0.144723016974611	-2.2461185
-0.141439703268794	-2.2511525
-0.138156389562976	-2.256917
-0.134873075857159	-2.2627633
-0.131589762151342	-2.2687137
-0.128306448445524	-2.2742922
-0.125023134739707	-2.2792819
-0.121739821033889	-2.284374
-0.118456507328072	-2.2891331
-0.115173193622255	-2.2943175
-0.111889879916437	-2.298955
-0.10860656621062	-2.3037012
-0.105323252504802	-2.3083105
-0.102039938798985	-2.3127384
-0.0987566250931676	-2.3170295
-0.0954733113873502	-2.321105
-0.0921899976815328	-2.324882
-0.0889066839757154	-2.3281157
-0.085623370269898	-2.332
-0.0823400565640806	-2.3356314
-0.0790567428582633	-2.3391097
-0.0757734291524459	-2.3416491
-0.0724901154466284	-2.3436034
-0.0692068017408111	-2.3453753
-0.0659234880349937	-2.3464289
-0.0626401743291762	-2.3477159
-0.0593568606233589	-2.3482428
-0.0560735469175415	-2.348346
-0.052790233211724	-2.3477974
-0.0495069195059067	-2.3464277
-0.0462236058000893	-2.3445454
-0.042940292094272	-2.3426554
-0.0396569783884545	-2.3399348
-0.0363736646826371	-2.3365948
-0.0330903509768198	-2.3323982
-0.0298070372710023	-2.3273585
-0.026523723565185	-2.3211277
-0.0232404098593676	NAN
-0.0199570961535502	NAN
-0.0166737824477328	NAN
-0.0133904687419154	NAN
-0.010107155036098	NAN
-0.00682384133028058	NAN
-0.00354052762446322	NAN
-0.00025721391864586	NAN
0.00302609978717161	NAN
0.00630941349298897	NAN
0.00959272719880633	NAN
0.0128760409046237	NAN
0.0161593546104412	NAN
0.0194426683162585	NAN
0.0227259820220759	NAN
0.0260092957278933	-2.3270829
0.0292926094337107	-2.3345566
0.0325759231395281	-2.3392744
0.0358592368453455	-2.3424654
0.0391425505511629	-2.3451157
0.0424258642569803	-2.3473969
0.0457091779627976	-2.3487871
0.0489924916686151	-2.3490813
0.0522758053744324	-2.3491356
0.0555591190802498	-2.3487465
0.0588424327860673	-2.3482289
0.0621257464918846	-2.3475978
0.065409060197702	-2.3467021
0.0686923739035193	-2.3453686
0.0719756876093368	-2.3435509
0.0752590013151542	-2.3416243
0.0785423150209715	-2.3392355
0.081825628726789	-2.3367298
0.0851089424326064	-2.3335245
0.0883922561384237	-2.3299823
0.0916755698442412	-2.3258748
0.0949588835500585	-2.3211772
0.0982421972558759	-2.3167152
0.101525510961693	-2.312022
0.104808824667511	-2.307126
0.108092138373328	-2.3012993
0.111375452079145	-2.2952521
0.114658765784963	-2.2899375
0.11794207949078	-2.2854016
0.121225393196598	-2.2809103
0.124508706902415	-2.276309
0.127792020608232	-2.2714512
0.13107533431405	-2.2662082
0.134358648019867	-2.2608075
0.137641961725685	-2.2553289
0.140925275431502	-2.2495906
0.144208589137319	-2.2440422
0.147491902843137	-2.2389212
0.150775216548954	-2.2344568
0.154058530254772	-2.2296536
0.157341843960589	-2.2241559
0.160625157666406	-2.2185383
0.163908471372224	-2.2127955
0.167191785078041	-2.2073889
0.170475098783859	-2.2021542
0.173758412489676	-2.1969893
0.177041726195493	-2.1919742
0.180325039901311	-2.1861284
0.183608353607128	-2.1798193
0.186891667312945	-2.1739933
0.190174981018763	-2.1685493
0.19345829472458	-2.1633794
0.196741608430398	-2.1584463
0.200024922136215	-2.153193
0.203308235842033	-2.1476786
0.20659154954785	-2.1420612
0.209874863253667	-2.13586
0.213158176959485	-2.1296413
0.216441490665302	-2.1242225
0.219724804371119	-2.1194224
0.223008118076937	-2.1143682
0.226291431782754	-2.1084056
0.229574745488572	-2.1021287
0.232858059194389	-2.0959508
0.236141372900206	-2.0904162
0.239424686606024	-2.0854182
0.242708000311841	-2.0809155
0.245991314017659	-2.0760679
0.249274627723476	-2.0702584
0.252557941429293	-2.0648415
0.255841255135111	-2.0597813
0.259124568840928	-2.0544209
0.262407882546746	-2.0487521
0.265691196252563	-2.0432303
0.26897450995838	-2.0384555
0.272257823664198	-2.0339336
0.275541137370015	-2.028878
0.278824451075833	-2.0229461
0.28210776478165	-2.016598
0.285391078487467	-2.0105145
0.288674392193285	-2.0047462
0.291957705899102	-1.9987921
0.295241019604919	-1.9926604
0.298524333310737	-1.9871572
0.301807647016554	-1.9819274
0.305090960722372	-1.9771005
0.308374274428189	-1.9721698
0.311657588134006	-1.9676981
0.314940901839824	-1.9633883
0.318224215545641	-1.9589058
0.321507529251459	-1.9538413
0.324790842957276	-1.9481117
0.328074156663093	-1.9423884
0.331357470368911	-1.9369838
0.334640784074728	-1.931549
0.337924097780545	-1.9259259
0.341207411486363	-1.9198681
0.34449072519218	-1.9137012
0.347774038897998	-1.909145
0.351057352603815	-1.9047453
0.354340666309633	-1.8997247
0.35762398001545	-1.8939273
0.360907293721267	-1.888348
0.364190607427085	-1.8832872
0.367473921132902	-1.8785162
0.370757234838719	-1.8746976
0.374040548544537	-1.8705165
0.377323862250354	-1.8660725
0.380607175956172	-1.8598877
0.383890489661989	-1.8528152
0.387173803367806	-1.8457294
0.390457117073624	-1.8394173
0.393740430779441	-1.8338497
0.397023744485259	-1.8286988
0.400307058191076	-1.8231053
0.403590371896893	-1.8182535
0.406873685602711	-1.8134916
0.410156999308528	-1.8087424
0.413440313014345	-1.8040242
0.416723626720163	-1.7986108
0.42000694042598	-1.79267
0.423290254131798	-1.7864826
0.426573567837615	-1.7804188
0.429856881543433	-1.774702
0.43314019524925	-1.7693157
0.436423508955067	-1.7647171
0.439706822660885	-1.759743
0.442990136366702	-1.7541996
0.44627345007252	-1.7484124
0.449556763778337	-1.741464
0.452840077484154	-1.7355655
0.456123391189972	-1.7291952
0.459406704895789	-1.7227736
0.462690018601606	-1.7177846
0.465973332307424	-1.7141191
0.469256646013241	-1.70951
0.472539959719059	-1.7041484
0.475823273424876	-1.6987015
0.479106587130693	-1.6924146
0.482389900836511	-1.6863523
0.485673214542328	-1.6810304
0.488956528248146	-1.6762686
0.492239841953963	-1.6702461
0.49552315565978	-1.6633421
0.498806469365598	-1.656401
0.502089783071415	-1.6500343
0.505373096777232	-1.6455754
0.50865641048305	-1.6411896
0.511939724188867	-1.6368819
0.515223037894685	-1.6318837
0.518506351600502	-1.6252182
0.52178966530632	-1.618595
0.525072979012137	-1.6136935
0.528356292717954	-1.6097764
0.531639606423772	-1.6052448
0.534922920129589	-1.6003568
0.538206233835406	-1.5957103
0.541489547541224	-1.5910549
0.544772861247041	-1.5868318
0.548056174952859	-1.5823175
0.551339488658676	-1.5768729
0.554622802364493	-1.5714509
0.557906116070311	-1.5664177
0.561189429776128	-1.5616069
0.564472743481946	-1.5574154
0.567756057187763	-1.5541277
0.57103937089358	-1.5512612
0.574322684599398	-1.5467039
0.577605998305215	-1.5415554
0.580889312011032	-1.5358709
0.58417262571685	-1.5314082
0.587455939422667	-1.527766
0.590739253128485	-1.52513
0.594022566834302	-1.5228567
0.59730588054012	-1.5207518
0.600589194245937	-1.5182563
0.603872507951754	-1.5162767
0.607155821657572	-1.51343
0.610439135363389	-1.5106251
0.613722449069206	-1.5071003
0.617005762775024	-1.5034665
0.620289076480841	-1.4993432
0.623572390186659	-1.4957829
0.626855703892476	-1.4939785
0.630139017598293	-1.4932419
0.633422331304111	-1.491683
0.636705645009928	-1.4891819
0.639988958715746	-1.4865888
0.643272272421563	-1.4860508
0.64655558612738	-1.4867092
0.649838899833198	-1.4866606
0.653122213539015	-1.4857572
0.656405527244832	-1.485317
0.65968884095065	-1.4866583
0.662972154656467	-1.4869897
