-0.666769896199576	-1.0464613
-0.663486582493759	-1.0467013
-0.660203268787942	-1.0465599
-0.656919955082124	-1.0467849
-0.653636641376307	-1.0474755
-0.650353327670489	-1.0484248
-0.647070013964672	-1.0498698
-0.643786700258855	-1.0515177
-0.640503386553037	-1.0530828
-0.63722007284722	-1.0548458
-0.633936759141402	-1.0568058
-0.630653445435585	-1.0592294
-0.627370131729768	-1.0622725
-0.62408681802395	-1.0652828
-0.620803504318133	-1.0682833
-0.617520190612316	-1.071313
-0.614236876906498	-1.073966
-0.610953563200681	-1.0765357
-0.607670249494863	-1.0799512
-0.604386935789046	-1.0842317
-0.601103622083229	-1.0891297
-0.597820308377411	-1.09407
-0.594536994671594	-1.0982558
-0.591253680965776	-1.1024084
-0.587970367259959	-1.107311
-0.584687053554142	-1.1122508
-0.581403739848324	-1.116693
-0.578120426142507	-1.1206959
-0.574837112436689	-1.1254029
-0.571553798730872	-1.1312934
-0.568270485025055	-1.1377189
-0.564987171319237	-1.1439601
-0.56170385761342	-1.1501043
-0.558420543907602	-1.1560616
-0.555137230201785	-1.1619579
-0.551853916495968	-1.167792
-0.54857060279015	-1.1739298
-0.545287289084333	-1.1803582
-0.542003975378516	-1.1864924
-0.538720661672698	-1.1924639
-0.535437347966881	-1.19877
-0.532154034261063	-1.2052889
-0.528870720555246	-1.2114297
-0.525587406849429	-1.2177733
-0.522304093143611	-1.2243549
-0.519020779437794	-1.2310333
-0.515737465731976	-1.2373005
-0.512454152026159	-1.2428976
-0.509170838320342	-1.2486297
-0.505887524614524	-1.2551211
-0.502604210908707	-1.2622486
-0.499320897202889	-1.2693205
-0.496037583497072	-1.2760799
-0.492754269791255	-1.2825874
-0.489470956085437	-1.2890298
-0.48618764237962	-1.2958153
-0.482904328673802	-1.3021731
-0.479621014967985	-1.3088988
-0.476337701262168	-1.3155717
-0.47305438755635	-1.322029
-0.469771073850533	-1.3282837
-0.466487760144715	-1.3346131
-0.463204446438898	-1.3417456
-0.459921132733081	-1.3492093
-0.456637819027263	-1.3558987
-0.453354505321446	-1.3620516
-0.450071191615629	-1.3677323
-0.446787877909811	-1.3734128
-0.443504564203994	-1.3795545
-0.440221250498176	-1.3864161
-0.436937936792359	-1.3934473
-0.433654623086542	-1.400969
-0.430371309380724	-1.4076551
-0.427087995674907	-1.414126
-0.423804681969089	-1.4208636
-0.420521368263272	-1.4274199
-0.417238054557455	-1.434494
-0.413954740851637	-1.4415849
-0.41067142714582	-1.4475819
-0.407388113440002	-1.4535851
-0.404104799734185	-1.4597957
-0.400821486028368	-1.4661164
-0.39753817232255	-1.4726713
-0.394254858616733	-1.4794754
-0.390971544910915	-1.4859985
-0.387688231205098	-1.4922295
-0.384404917499281	-1.4981086
-0.381121603793463	-1.5038735
-0.377838290087646	-1.5098889
-0.374554976381828	-1.5154129
-0.371271662676011	-1.5207042
-0.367988348970194	-1.5262117
-0.364705035264376	-1.5325252
-0.361421721558559	-1.539602
-0.358138407852742	-1.5461117
-0.354855094146924	-1.5515203
-0.351571780441107	-1.556899
-0.348288466735289	-1.5625316
-0.345005153029472	-1.5684093
-0.341721839323655	-1.5744148
-0.338438525617837	-1.5806458
-0.33515521191202	-1.5864412
-0.331871898206202	-1.5923362
-0.328588584500385	-1.5979133
-0.325305270794568	-1.6032366
-0.32202195708875	-1.6085634
-0.318738643382933	-1.6139007
-0.315455329677115	-1.6196406
-0.312172015971298	-1.6256133
-0.308888702265481	-1.6314819
-0.305605388559663	-1.6373141
-0.302322074853846	-1.642826
-0.299038761148029	-1.648043
-0.295755447442211	-1.6529489
-0.292472133736394	-1.6577501
-0.289188820030576	-1.6627984
-0.285905506324759	-1.6679685
-0.282622192618942	-1.6735935
-0.279338878913124	-1.6792206
-0.276055565207307	-1.684965
-0.272772251501489	-1.6907302
-0.269488937795672	-1.6962818
-0.266205624089855	-1.7017019
-0.262922310384037	-1.7072883
-0.25963899667822	-1.7130542
-0.256355682972402	-1.7187684
-0.253072369266585	-1.7243551
-0.249789055560768	-1.7297864
-0.24650574185495	-1.7350138
-0.243222428149133	-1.7405248
-0.239939114443315	-1.7463374
-0.236655800737498	-1.7521037
-0.233372487031681	-1.7576156
-0.230089173325863	-1.7627796
-0.226805859620046	-1.7680086
-0.223522545914228	-1.7736734
-0.220239232208411	-1.7795635
-0.216955918502594	-1.7853982
-0.213672604796776	-1.7912025
-0.210389291090959	-1.7970273
-0.207105977385142	-1.8029753
-0.203822663679324	-1.8090734
-0.200539349973507	-1.8153766
-0.197256036267689	-1.8214953
-0.193972722561872	-1.8273139
-0.190689408856055	-1.833156
-0.187406095150237	-1.8393627
-0.18412278144442	-1.8460404
-0.180839467738602	-1.8527707
-0.177556154032785	-1.8590475
-0.174272840326968	-1.8650969
-0.17098952662115	-1.870721
-0.167706212915333	-1.8771018
-0.164422899209515	-1.8838377
-0.161139585503698	-1.8911978
-0.157856271797881	-1.8987756
-0.154572958092063	-1.9061762
-0.151289644386246	-1.9130833
-0.148006330680428	-1.9199632
-0.144723016974611	-1.9260015
-0.141439703268794	-1.9321737
-0.138156389562976	-1.9393449
-0.134873075857159	-1.9465824
-0.131589762151342	-1.9536433
-0.128306448445524	-1.960941
-0.125023134739707	-1.9685643
-0.121739821033889	-1.9759264
-0.118456507328072	-1.9836257
-0.115173193622255	-1.9918123
-0.111889879916437	-1.9998361
-0.10860656621062	-2.007093
-0.105323252504802	-2.014662
-0.102039938798985	-2.0223062
-0.0987566250931676	-2.0300364
-0.0954733113873502	-2.038836
-0.0921899976815328	-2.0478921
-0.0889066839757154	-2.0564322
-0.085623370269898	-2.0653498
-0.0823400565640806	-2.074254
-0.0790567428582633	-2.0831225
-0.0757734291524459	-2.0915067
-0.0724901154466284	-2.0993204
-0.0692068017408111	-2.106982
-0.0659234880349937	-2.1154025
-0.0626401743291762	-2.124804
-0.0593568606233589	-2.1350362
-0.0560735469175415	-2.1446197
-0.052790233211724	-2.1540809
-0.0495069195059067	-2.16312
-0.0462236058000893	-2.1712584
-0.042940292094272	-2.1791823
-0.0396569783884545	-2.186367
-0.0363736646826371	-2.1940007
-0.0330903509768198	-2.202601
-0.0298070372710023	-2.2135825
-0.026523723565185	-2.2238827
-0.0232404098593676	-2.2312512
-0.0199570961535502	-2.2383983
-0.0166737824477328	-2.2506068
-0.0133904687419154	-2.2633932
-0.010107155036098	-2.2730105
-0.00682384133028058	NAN
-0.00354052762446322	NAN
-0.00025721391864586	NAN
0.00302609978717161	NAN
0.00630941349298897	-2.2721539
0.00959272719880633	-2.2654388
0.0128760409046237	-2.2562022
0.0161593546104412	-2.2393925
0.0194426683162585	-2.2227342
0.0227259820220759	-2.2143106
0.0260092957278933	-2.209964
0.0292926094337107	-2.2027047
0.0325759231395281	-2.1956885
0.0358592368453455	-2.1880035
0.0391425505511629	-2.1799715
0.0424258642569803	-2.1713309
0.0457091779627976	-2.162797
0.0489924916686151	-2.1541231
0.0522758053744324	-2.1454258
0.0555591190802498	-2.1366694
0.0588424327860673	-2.1284223
0.0621257464918846	-2.1195512
0.065409060197702	-2.1101744
0.0686923739035193	-2.1019404
0.0719756876093368	-2.0940022
0.0752590013151542	-2.0858049
0.0785423150209715	-2.077091
0.081825628726789	-2.0677967
0.0851089424326064	-2.0591154
0.0883922561384237	-2.0506594
0.0916755698442412	-2.0428069
0.0949588835500585	-2.0351317
0.0982421972558759	-2.0274372
0.101525510961693	-2.0195742
0.104808824667511	-2.0109921
0.108092138373328	-2.0024171
0.111375452079145	-1.9941698
0.114658765784963	-1.9868144
0.11794207949078	-1.9794554
0.121225393196598	-1.9713417
0.124508706902415	-1.9633092
0.127792020608232	-1.9561684
0.13107533431405	-1.9496413
0.134358648019867	-1.9429039
0.137641961725685	-1.9355128
0.140925275431502	-1.9277933
0.144208589137319	-1.9200851
0.147491902843137	-1.9127514
0.150775216548954	-1.9058124
0.154058530254772	-1.8994919
0.157341843960589	-1.8931079
0.160625157666406	-1.8866382
0.163908471372224	-1.8802565
0.167191785078041	-1.8736655
0.170475098783859	-1.8667122
0.173758412489676	-1.8603318
0.177041726195493	-1.8546011
0.180325039901311	-1.8484572
0.183608353607128	-1.8421255
0.186891667312945	-1.8362862
0.190174981018763	-1.8306488
0.19345829472458	-1.8248005
0.196741608430398	-1.8189867
0.200024922136215	-1.8130319
0.203308235842033	-1.807246
0.20659154954785	-1.8018603
0.209874863253667	-1.7965437
0.213158176959485	-1.7910588
0.216441490665302	-1.785242
0.219724804371119	-1.7790741
0.223008118076937	-1.773059
0.226291431782754	-1.7671126
0.229574745488572	-1.7612524
0.232858059194389	-1.7555285
0.236141372900206	-1.7500696
0.239424686606024	-1.7447728
0.242708000311841	-1.7397723
0.245991314017659	-1.7346967
0.249274627723476	-1.7292095
0.252557941429293	-1.7237518
0.255841255135111	-1.7181675
0.259124568840928	-1.7127386
0.262407882546746	-1.7072546
0.265691196252563	-1.7020122
0.26897450995838	-1.6969661
0.272257823664198	-1.6918768
0.275541137370015	-1.6865653
0.278824451075833	-1.6811858
0.28210776478165	-1.6760929
0.285391078487467	-1.6706036
0.288674392193285	-1.6650147
0.291957705899102	-1.6595622
0.295241019604919	-1.6539389
0.298524333310737	-1.6479585
0.301807647016554	-1.6416477
0.305090960722372	-1.6358229
0.308374274428189	-1.6306105
0.311657588134006	-1.6254529
0.314940901839824	-1.619848
0.318224215545641	-1.6143584
0.321507529251459	-1.6085179
0.324790842957276	-1.603143
0.328074156663093	-1.598361
0.331357470368911	-1.5938082
0.334640784074728	-1.5885848
0.337924097780545	-1.5827774
0.341207411486363	-1.5766895
0.34449072519218	-1.570712
0.347774038897998	-1.5642881
0.351057352603815	-1.5578364
0.354340666309633	-1.55205
0.35762398001545	-1.5468237
0.360907293721267	-1.5411866
0.364190607427085	-1.5355293
0.367473921132902	-1.5292364
0.370757234838719	-1.5234885
0.374040548544537	-1.5173975
0.377323862250354	-1.5120251
0.380607175956172	-1.5059714
0.383890489661989	-1.4996151
0.387173803367806	-1.4935545
0.390457117073624	-1.4876814
0.393740430779441	-1.4816746
0.397023744485259	-1.4754556
0.400307058191076	-1.4689343
0.403590371896893	-1.4627988
0.406873685602711	-1.4565195
0.410156999308528	-1.449584
0.413440313014345	-1.4425503
0.416723626720163	-1.4359545
0.42000694042598	-1.4297886
0.423290254131798	-1.4240531
0.426573567837615	-1.4177923
0.429856881543433	-1.4115508
0.43314019524925	-1.4049042
0.436423508955067	-1.398122
0.439706822660885	-1.3912305
0.442990136366702	-1.384377
0.44627345007252	-1.3776329
0.449556763778337	-1.371411
0.452840077484154	-1.3656358
0.456123391189972	-1.3597201
0.459406704895789	-1.353452
0.462690018601606	-1.3467579
0.465973332307424	-1.3399767
0.469256646013241	-1.3333592
0.472539959719059	-1.3274727
0.475823273424876	-1.3214375
0.479106587130693	-1.3154114
0.482389900836511	-1.309149
0.485673214542328	-1.3025974
0.488956528248146	-1.2952638
0.492239841953963	-1.2880716
0.49552315565978	-1.2817619
0.498806469365598	-1.2755747
0.502089783071415	-1.2688743
0.505373096777232	-1.2621452
0.50865641048305	-1.2558881
0.511939724188867	-1.2500153
0.515223037894685	-1.244423
0.518506351600502	-1.2383435
0.52178966530632	-1.2318046
0.525072979012137	-1.2252116
0.528356292717954	-1.218731
0.531639606423772	-1.2128266
0.534922920129589	-1.2072196
0.538206233835406	-1.2015768
0.541489547541224	-1.1951908
0.544772861247041	-1.1884485
0.548056174952859	-1.1822659
0.551339488658676	-1.1762162
0.554622802364493	-1.1701131
0.557906116070311	-1.1641666
0.561189429776128	-1.1581693
0.564472743481946	-1.1523645
0.567756057187763	-1.1468909
0.57103937089358	-1.1420341
0.574322684599398	-1.1371249
0.577605998305215	-1.1323125
0.580889312011032	-1.1273302
0.58417262571685	-1.121904
0.587455939422667	-1.1169571
0.590739253128485	-1.1121149
0.594022566834302	-1.1068765
0.59730588054012	-1.1023633
0.600589194245937	-1.0985349
0.603872507951754	-1.0949873
0.607155821657572	-1.0910354
0.610439135363389	-1.0872995
0.613722449069206	-1.08391
0.617005762775024	-1.0810139
0.620289076480841	-1.0778289
0.623572390186659	-1.075079
0.626855703892476	-1.0725554
0.630139017598293	-1.0696958
0.633422331304111	-1.0669298
0.636705645009928	-1.0646598
0.639988958715746	-1.0628158
0.643272272421563	-1.0606014
0.64655558612738	-1.0579379
0.649838899833198	-1.055689
0.653122213539015	-1.054335
0.656405527244832	-1.0538899
0.65968884095065	-1.0534699
0.662972154656467	-1.0536222
