TMD:	 WS2 

band  1
-0.66676990 	 -1.03426091
-0.66348658 	 -1.03361010
-0.66020327 	 -1.03328819
-0.65691996 	 -1.03329333
-0.65363664 	 -1.03362230
-0.65035333 	 -1.03427056
-0.64707001 	 -1.03523233
-0.64378670 	 -1.03650074
-0.64050339 	 -1.03806790
-0.63722007 	 -1.03992510
-0.63393676 	 -1.04206291
-0.63065345 	 -1.04447134
-0.62737013 	 -1.04714002
-0.62408682 	 -1.05005827
-0.62080350 	 -1.05321530
-0.61752019 	 -1.05660024
-0.61423688 	 -1.06020230
-0.61095356 	 -1.06401080
-0.60767025 	 -1.06801529
-0.60438694 	 -1.07220554
-0.60110362 	 -1.07657162
-0.59782031 	 -1.08110392
-0.59453699 	 -1.08579316
-0.59125368 	 -1.09063043
-0.58797037 	 -1.09560715
-0.58468705 	 -1.10071511
-0.58140374 	 -1.10594642
-0.57812043 	 -1.11129358
-0.57483711 	 -1.11674937
-0.57155380 	 -1.12230693
-0.56827049 	 -1.12795970
-0.56498717 	 -1.13370139
-0.56170386 	 -1.13952603
-0.55842054 	 -1.14542789
-0.55513723 	 -1.15140152
-0.55185392 	 -1.15744169
-0.54857060 	 -1.16354342
-0.54528729 	 -1.16970196
-0.54200398 	 -1.17591275
-0.53872066 	 -1.18217144
-0.53543735 	 -1.18847386
-0.53215403 	 -1.19481605
-0.52887072 	 -1.20119421
-0.52558741 	 -1.20760468
-0.52230409 	 -1.21404400
-0.51902078 	 -1.22050885
-0.51573747 	 -1.22699604
-0.51245415 	 -1.23350254
-0.50917084 	 -1.24002544
-0.50588752 	 -1.24656198
-0.50260421 	 -1.25310950
-0.49932090 	 -1.25966549
-0.49603758 	 -1.26622752
-0.49275427 	 -1.27279331
-0.48947096 	 -1.27936066
-0.48618764 	 -1.28592750
-0.48290433 	 -1.29249184
-0.47962101 	 -1.29905180
-0.47633770 	 -1.30560559
-0.47305439 	 -1.31215154
-0.46977107 	 -1.31868802
-0.46648776 	 -1.32521354
-0.46320445 	 -1.33172666
-0.45992113 	 -1.33822604
-0.45663782 	 -1.34471043
-0.45335451 	 -1.35117863
-0.45007119 	 -1.35762955
-0.44678788 	 -1.36406215
-0.44350456 	 -1.37047547
-0.44022125 	 -1.37686864
-0.43693794 	 -1.38324084
-0.43365462 	 -1.38959132
-0.43037131 	 -1.39591941
-0.42708800 	 -1.40222448
-0.42380468 	 -1.40850600
-0.42052137 	 -1.41476347
-0.41723805 	 -1.42099647
-0.41395474 	 -1.42720464
-0.41067143 	 -1.43338766
-0.40738811 	 -1.43954530
-0.40410480 	 -1.44567734
-0.40082149 	 -1.45178367
-0.39753817 	 -1.45786419
-0.39425486 	 -1.46391888
-0.39097154 	 -1.46994776
-0.38768823 	 -1.47595089
-0.38440492 	 -1.48192842
-0.38112160 	 -1.48788051
-0.37783829 	 -1.49380737
-0.37455498 	 -1.49970930
-0.37127166 	 -1.50558659
-0.36798835 	 -1.51143962
-0.36470504 	 -1.51726879
-0.36142172 	 -1.52307457
-0.35813841 	 -1.52885744
-0.35485509 	 -1.53461795
-0.35157178 	 -1.54035668
-0.34828847 	 -1.54607426
-0.34500515 	 -1.55177137
-0.34172184 	 -1.55744871
-0.33843853 	 -1.56310702
-0.33515521 	 -1.56874711
-0.33187190 	 -1.57436980
-0.32858858 	 -1.57997595
-0.32530527 	 -1.58556648
-0.32202196 	 -1.59114233
-0.31873864 	 -1.59670448
-0.31545533 	 -1.60225395
-0.31217202 	 -1.60779179
-0.30888870 	 -1.61331910
-0.30560539 	 -1.61883699
-0.30232207 	 -1.62434663
-0.29903876 	 -1.62984920
-0.29575545 	 -1.63534594
-0.29247213 	 -1.64083811
-0.28918882 	 -1.64632699
-0.28590551 	 -1.65181391
-0.28262219 	 -1.65730021
-0.27933888 	 -1.66278730
-0.27605557 	 -1.66827657
-0.27277225 	 -1.67376947
-0.26948894 	 -1.67926746
-0.26620562 	 -1.68477206
-0.26292231 	 -1.69028477
-0.25963900 	 -1.69580715
-0.25635568 	 -1.70134077
-0.25307237 	 -1.70688724
-0.24978906 	 -1.71244816
-0.24650574 	 -1.71802519
-0.24322243 	 -1.72361998
-0.23993911 	 -1.72923421
-0.23665580 	 -1.73486960
-0.23337249 	 -1.74052785
-0.23008917 	 -1.74621070
-0.22680586 	 -1.75191989
-0.22352255 	 -1.75765719
-0.22023923 	 -1.76342438
-0.21695592 	 -1.76922322
-0.21367260 	 -1.77505552
-0.21038929 	 -1.78092307
-0.20710598 	 -1.78682767
-0.20382266 	 -1.79277113
-0.20053935 	 -1.79875525
-0.19725604 	 -1.80478184
-0.19397272 	 -1.81085271
-0.19068941 	 -1.81696963
-0.18740610 	 -1.82313442
-0.18412278 	 -1.82934883
-0.18083947 	 -1.83561464
-0.17755615 	 -1.84193360
-0.17427284 	 -1.84830744
-0.17098953 	 -1.85473787
-0.16770621 	 -1.86122657
-0.16442290 	 -1.86777520
-0.16113959 	 -1.87438539
-0.15785627 	 -1.88105874
-0.15457296 	 -1.88779680
-0.15128964 	 -1.89460107
-0.14800633 	 -1.90147303
-0.14472302 	 -1.90841410
-0.14143970 	 -1.91542563
-0.13815639 	 -1.92250892
-0.13487308 	 -1.92966522
-0.13158976 	 -1.93689567
-0.12830645 	 -1.94420138
-0.12502313 	 -1.95158335
-0.12173982 	 -1.95904249
-0.11845651 	 -1.96657962
-0.11517319 	 -1.97419544
-0.11188988 	 -1.98189056
-0.10860657 	 -1.98966545
-0.10532325 	 -1.99752044
-0.10203994 	 -2.00545573
-0.09875663 	 -2.01347136
-0.09547331 	 -2.02156718
-0.09219000 	 -2.02974288
-0.08890668 	 -2.03799791
-0.08562337 	 -2.04633154
-0.08234006 	 -2.05474277
-0.07905674 	 -2.06323032
-0.07577343 	 -2.07179264
-0.07249012 	 -2.08042786
-0.06920680 	 -2.08913372
-0.06592349 	 -2.09790760
-0.06264017 	 -2.10674641
-0.05935686 	 -2.11564661
-0.05607355 	 -2.12460408
-0.05279023 	 -2.13361413
-0.04950692 	 -2.14267136
-0.04622361 	 -2.15176966
-0.04294029 	 -2.16090203
-0.03965698 	 -2.17006056
-0.03637366 	 -2.17923624
-0.03309035 	 -2.18841890
-0.02980704 	 -2.19759698
-0.02652372 	 -2.20675747
0.02600930 	 -2.20819020
0.02929261 	 -2.19903376
0.03257592 	 -2.18985753
0.03585924 	 -2.18067479
0.03914255 	 -2.17149731
0.04242586 	 -2.16233548
0.04570918 	 -2.15319845
0.04899249 	 -2.14409433
0.05227581 	 -2.13503024
0.05555912 	 -2.12601242
0.05884243 	 -2.11704639
0.06212575 	 -2.10813693
0.06540906 	 -2.09928825
0.06869237 	 -2.09050399
0.07197569 	 -2.08178728
0.07525900 	 -2.07314084
0.07854232 	 -2.06456696
0.08182563 	 -2.05606759
0.08510894 	 -2.04764431
0.08839226 	 -2.03929845
0.09167557 	 -2.03103105
0.09495888 	 -2.02284288
0.09824220 	 -2.01473452
0.10152551 	 -2.00670631
0.10480882 	 -1.99875843
0.10809214 	 -1.99089086
0.11137545 	 -1.98310344
0.11465877 	 -1.97539586
0.11794208 	 -1.96776764
0.12122539 	 -1.96021823
0.12450871 	 -1.95274693
0.12779202 	 -1.94535293
0.13107533 	 -1.93803533
0.13435865 	 -1.93079315
0.13764196 	 -1.92362531
0.14092528 	 -1.91653066
0.14420859 	 -1.90950797
0.14749190 	 -1.90255595
0.15077522 	 -1.89567326
0.15405853 	 -1.88885847
0.15734184 	 -1.88211014
0.16062516 	 -1.87542676
0.16390847 	 -1.86880677
0.16719179 	 -1.86224860
0.17047510 	 -1.85575062
0.17375841 	 -1.84931117
0.17704173 	 -1.84292858
0.18032504 	 -1.83660114
0.18360835 	 -1.83032711
0.18689167 	 -1.82410476
0.19017498 	 -1.81793232
0.19345829 	 -1.81180801
0.19674161 	 -1.80573005
0.20002492 	 -1.79969664
0.20330824 	 -1.79370599
0.20659155 	 -1.78775628
0.20987486 	 -1.78184570
0.21315818 	 -1.77597247
0.21644149 	 -1.77013477
0.21972480 	 -1.76433080
0.22300812 	 -1.75855877
0.22629143 	 -1.75281691
0.22957475 	 -1.74710342
0.23285806 	 -1.74141656
0.23614137 	 -1.73575457
0.23942469 	 -1.73011572
0.24270800 	 -1.72449828
0.24599131 	 -1.71890056
0.24927463 	 -1.71332086
0.25255794 	 -1.70775752
0.25584126 	 -1.70220890
0.25912457 	 -1.69667337
0.26240788 	 -1.69114933
0.26569120 	 -1.68563521
0.26897451 	 -1.68012945
0.27225782 	 -1.67463051
0.27554114 	 -1.66913691
0.27882445 	 -1.66364717
0.28210776 	 -1.65815984
0.28539108 	 -1.65267350
0.28867439 	 -1.64718677
0.29195771 	 -1.64169829
0.29524102 	 -1.63620672
0.29852433 	 -1.63071078
0.30180765 	 -1.62520920
0.30509096 	 -1.61970075
0.30837427 	 -1.61418423
0.31165759 	 -1.60865848
0.31494090 	 -1.60312236
0.31822422 	 -1.59757478
0.32150753 	 -1.59201469
0.32479084 	 -1.58644105
0.32807416 	 -1.58085288
0.33135747 	 -1.57524923
0.33464078 	 -1.56962920
0.33792410 	 -1.56399189
0.34120741 	 -1.55833648
0.34449073 	 -1.55266218
0.34777404 	 -1.54696822
0.35105735 	 -1.54125389
0.35434067 	 -1.53551851
0.35762398 	 -1.52976145
0.36090729 	 -1.52398212
0.36419061 	 -1.51817997
0.36747392 	 -1.51235450
0.37075723 	 -1.50650523
0.37404055 	 -1.50063177
0.37732386 	 -1.49473373
0.38060718 	 -1.48881078
0.38389049 	 -1.48286266
0.38717380 	 -1.47688914
0.39045712 	 -1.47089002
0.39374043 	 -1.46486518
0.39702374 	 -1.45881454
0.40030706 	 -1.45273807
0.40359037 	 -1.44663578
0.40687369 	 -1.44050776
0.41015700 	 -1.43435412
0.41344031 	 -1.42817506
0.41672363 	 -1.42197082
0.42000694 	 -1.41574168
0.42329025 	 -1.40948802
0.42657357 	 -1.40321024
0.42985688 	 -1.39690882
0.43314020 	 -1.39058430
0.43642351 	 -1.38423728
0.43970682 	 -1.37786844
0.44299014 	 -1.37147851
0.44627345 	 -1.36506828
0.44955676 	 -1.35863864
0.45284008 	 -1.35219053
0.45612339 	 -1.34572496
0.45940670 	 -1.33924304
0.46269002 	 -1.33274592
0.46597333 	 -1.32623486
0.46925665 	 -1.31971120
0.47253996 	 -1.31317633
0.47582327 	 -1.30663177
0.47910659 	 -1.30007909
0.48238990 	 -1.29351999
0.48567321 	 -1.28695621
0.48895653 	 -1.28038964
0.49223984 	 -1.27382223
0.49552316 	 -1.26725606
0.49880647 	 -1.26069329
0.50208978 	 -1.25413620
0.50537310 	 -1.24758718
0.50865641 	 -1.24104875
0.51193972 	 -1.23452353
0.51522304 	 -1.22801427
0.51850635 	 -1.22152386
0.52178967 	 -1.21505531
0.52507298 	 -1.20861177
0.52835629 	 -1.20219655
0.53163961 	 -1.19581310
0.53492292 	 -1.18946503
0.53820623 	 -1.18315611
0.54148955 	 -1.17689030
0.54477286 	 -1.17067173
0.54805617 	 -1.16450471
0.55133949 	 -1.15839376
0.55462280 	 -1.15234362
0.55790612 	 -1.14635923
0.56118943 	 -1.14044577
0.56447274 	 -1.13460866
0.56775606 	 -1.12885358
0.57103937 	 -1.12318648
0.57432268 	 -1.11761358
0.57760600 	 -1.11214139
0.58088931 	 -1.10677675
0.58417263 	 -1.10152679
0.58745594 	 -1.09639900
0.59073925 	 -1.09140118
0.59402257 	 -1.08654151
0.59730588 	 -1.08182849
0.60058919 	 -1.07727099
0.60387251 	 -1.07287824
0.60715582 	 -1.06865980
0.61043914 	 -1.06462554
0.61372245 	 -1.06078564
0.61700576 	 -1.05715054
0.62028908 	 -1.05373087
0.62357239 	 -1.05053742
0.62685570 	 -1.04758103
0.63013902 	 -1.04487254
0.63342233 	 -1.04242264
0.63670565 	 -1.04024176
0.63998896 	 -1.03833996
0.64327227 	 -1.03672676
0.64655559 	 -1.03541100
0.64983890 	 -1.03440070
0.65312221 	 -1.03370291
0.65640553 	 -1.03332358
0.65968884 	 -1.03326745
0.66297215 	 -1.03353796
band  2
-0.66676990 	 -1.48740846
-0.66348658 	 -1.48704753
-0.66020327 	 -1.48686891
-0.65691996 	 -1.48687181
-0.65363664 	 -1.48705519
-0.65035333 	 -1.48741786
-0.64707001 	 -1.48795841
-0.64378670 	 -1.48867525
-0.64050339 	 -1.48956661
-0.63722007 	 -1.49063054
-0.63393676 	 -1.49186492
-0.63065345 	 -1.49326747
-0.62737013 	 -1.49483577
-0.62408682 	 -1.49656723
-0.62080350 	 -1.49845914
-0.61752019 	 -1.50050865
-0.61423688 	 -1.50271279
-0.61095356 	 -1.50506851
-0.60767025 	 -1.50757262
-0.60438694 	 -1.51022185
-0.60110362 	 -1.51301288
-0.59782031 	 -1.51594226
-0.59453699 	 -1.51900654
-0.59125368 	 -1.52220217
-0.58797037 	 -1.52552557
-0.58468705 	 -1.52897314
-0.58140374 	 -1.53254122
-0.57812043 	 -1.53622616
-0.57483711 	 -1.54002429
-0.57155380 	 -1.54393193
-0.56827049 	 -1.54794540
-0.56498717 	 -1.55206105
-0.56170386 	 -1.55627523
-0.55842054 	 -1.56058432
-0.55513723 	 -1.56498472
-0.55185392 	 -1.56947287
-0.54857060 	 -1.57404525
-0.54528729 	 -1.57869838
-0.54200398 	 -1.58342883
-0.53872066 	 -1.58823322
-0.53543735 	 -1.59310822
-0.53215403 	 -1.59805057
-0.52887072 	 -1.60305706
-0.52558741 	 -1.60812454
-0.52230409 	 -1.61324995
-0.51902078 	 -1.61843026
-0.51573747 	 -1.62366255
-0.51245415 	 -1.62894392
-0.50917084 	 -1.63427160
-0.50588752 	 -1.63964284
-0.50260421 	 -1.64505501
-0.49932090 	 -1.65050550
-0.49603758 	 -1.65599183
-0.49275427 	 -1.66151156
-0.48947096 	 -1.66706233
-0.48618764 	 -1.67264186
-0.48290433 	 -1.67824794
-0.47962101 	 -1.68387843
-0.47633770 	 -1.68953127
-0.47305439 	 -1.69520447
-0.46977107 	 -1.70089610
-0.46648776 	 -1.70660433
-0.46320445 	 -1.71232736
-0.45992113 	 -1.71806349
-0.45663782 	 -1.72381108
-0.45335451 	 -1.72956854
-0.45007119 	 -1.73533438
-0.44678788 	 -1.74110713
-0.44350456 	 -1.74688543
-0.44022125 	 -1.75266794
-0.43693794 	 -1.75845342
-0.43365462 	 -1.76424065
-0.43037131 	 -1.77002849
-0.42708800 	 -1.77581587
-0.42380468 	 -1.78160175
-0.42052137 	 -1.78738515
-0.41723805 	 -1.79316516
-0.41395474 	 -1.79894091
-0.41067143 	 -1.80471157
-0.40738811 	 -1.81047639
-0.40410480 	 -1.81623463
-0.40082149 	 -1.82198562
-0.39753817 	 -1.82772874
-0.39425486 	 -1.83346340
-0.39097154 	 -1.83918906
-0.38768823 	 -1.84490522
-0.38440492 	 -1.85061144
-0.38112160 	 -1.85630728
-0.37783829 	 -1.86199238
-0.37455498 	 -1.86766639
-0.37127166 	 -1.87332901
-0.36798835 	 -1.87897997
-0.36470504 	 -1.88461904
-0.36142172 	 -1.89024602
-0.35813841 	 -1.89586075
-0.35485509 	 -1.90146309
-0.35157178 	 -1.90705293
-0.34828847 	 -1.91263020
-0.34500515 	 -1.91819486
-0.34172184 	 -1.92374689
-0.33843853 	 -1.92928630
-0.33515521 	 -1.93481312
-0.33187190 	 -1.94032742
-0.32858858 	 -1.94582927
-0.32530527 	 -1.95131881
-0.32202196 	 -1.95679614
-0.31873864 	 -1.96226144
-0.31545533 	 -1.96771486
-0.31217202 	 -1.97315663
-0.30888870 	 -1.97858693
-0.30560539 	 -1.98400602
-0.30232207 	 -1.98941415
-0.29903876 	 -1.99481158
-0.29575545 	 -2.00019860
-0.29247213 	 -2.00557551
-0.28918882 	 -2.01094263
-0.28590551 	 -2.01630029
-0.28262219 	 -2.02164884
-0.27933888 	 -2.02698862
-0.27605557 	 -2.03232001
-0.27277225 	 -2.03764338
-0.26948894 	 -2.04295911
-0.26620562 	 -2.04826761
-0.26292231 	 -2.05356926
-0.25963900 	 -2.05886448
-0.25635568 	 -2.06415368
-0.25307237 	 -2.06943726
-0.24978906 	 -2.07471565
-0.24650574 	 -2.07998927
-0.24322243 	 -2.08525852
-0.23993911 	 -2.09052381
-0.23665580 	 -2.09578556
-0.23337249 	 -2.10104416
-0.23008917 	 -2.10630000
-0.22680586 	 -2.11155347
-0.22352255 	 -2.11680492
-0.22023923 	 -2.12205471
-0.21695592 	 -2.12730317
-0.21367260 	 -2.13255059
-0.21038929 	 -2.13779727
-0.20710598 	 -2.14304345
-0.20382266 	 -2.14828934
-0.20053935 	 -2.15353512
-0.19725604 	 -2.15878091
-0.19397272 	 -2.16402680
-0.19068941 	 -2.16927281
-0.18740610 	 -2.17451889
-0.18412278 	 -2.17976492
-0.18083947 	 -2.18501072
-0.17755615 	 -2.19025598
-0.17427284 	 -2.19550032
-0.17098953 	 -2.20074323
-0.16770621 	 -2.20598407
-0.16442290 	 -2.21122206
-0.16113959 	 -2.21645626
-0.15785627 	 -2.22168554
-0.15457296 	 -2.22690858
-0.15128964 	 -2.23212381
-0.14800633 	 -2.23732942
-0.14472302 	 -2.24252330
-0.14143970 	 -2.24770302
-0.13815639 	 -2.25286577
-0.13487308 	 -2.25800836
-0.13158976 	 -2.26312709
-0.12830645 	 -2.26821775
-0.12502313 	 -2.27327555
-0.12173982 	 -2.27829500
-0.11845651 	 -2.28326987
-0.11517319 	 -2.28819306
-0.11188988 	 -2.29305650
-0.10860657 	 -2.29785101
-0.10532325 	 -2.30256618
-0.10203994 	 -2.30719021
-0.09875663 	 -2.31170971
-0.09547331 	 -2.31610955
-0.09219000 	 -2.32037264
-0.08890668 	 -2.32447972
-0.08562337 	 -2.32840917
-0.08234006 	 -2.33213680
-0.07905674 	 -2.33563567
-0.07577343 	 -2.33887604
-0.07249012 	 -2.34182525
-0.06920680 	 -2.34444790
-0.06592349 	 -2.34670608
-0.06264017 	 -2.34855987
-0.05935686 	 -2.34996814
-0.05607355 	 -2.35088956
-0.05279023 	 -2.35128407
-0.04950692 	 -2.35111449
-0.04622361 	 -2.35034837
-0.04294029 	 -2.34895986
-0.03965698 	 -2.34693140
-0.03637366 	 -2.34425499
-0.03309035 	 -2.34093291
-0.02980704 	 -2.33697772
-0.02652372 	 -2.33241157
0.02600930 	 -2.33164267
0.02929261 	 -2.33630197
0.03257592 	 -2.34035458
0.03585924 	 -2.34377694
0.03914255 	 -2.34655493
0.04242586 	 -2.34868464
0.04570918 	 -2.35017249
0.04899249 	 -2.35103461
0.05227581 	 -2.35129566
0.05555912 	 -2.35098717
0.05884243 	 -2.35014571
0.06212575 	 -2.34881101
0.06540906 	 -2.34702428
0.06869237 	 -2.34482678
0.07197569 	 -2.34225868
0.07525900 	 -2.33935822
0.07854232 	 -2.33616125
0.08182563 	 -2.33270083
0.08510894 	 -2.32900720
0.08839226 	 -2.32510771
0.09167557 	 -2.32102696
0.09495888 	 -2.31678699
0.09824220 	 -2.31240739
0.10152551 	 -2.30790559
0.10480882 	 -2.30329701
0.10809214 	 -2.29859530
0.11137545 	 -2.29381250
0.11465877 	 -2.28895923
0.11794208 	 -2.28404484
0.12122539 	 -2.27907758
0.12450871 	 -2.27406468
0.12779202 	 -2.26901251
0.13107533 	 -2.26392666
0.13435865 	 -2.25881203
0.13764196 	 -2.25367293
0.14092528 	 -2.24851311
0.14420859 	 -2.24333585
0.14749190 	 -2.23814402
0.15077522 	 -2.23294011
0.15405853 	 -2.22772626
0.15734184 	 -2.22250433
0.16062516 	 -2.21727594
0.16390847 	 -2.21204243
0.16719179 	 -2.20680496
0.17047510 	 -2.20156451
0.17375841 	 -2.19632188
0.17704173 	 -2.19107773
0.18032504 	 -2.18583259
0.18360835 	 -2.18058685
0.18689167 	 -2.17534084
0.19017498 	 -2.17009476
0.19345829 	 -2.16484874
0.19674161 	 -2.15960283
0.20002492 	 -2.15435702
0.20330824 	 -2.14911125
0.20659155 	 -2.14386538
0.20987486 	 -2.13861927
0.21315818 	 -2.13337268
0.21644149 	 -2.12812539
0.21972480 	 -2.12287712
0.22300812 	 -2.11762756
0.22629143 	 -2.11237639
0.22957475 	 -2.10712326
0.23285806 	 -2.10186781
0.23614137 	 -2.09660967
0.23942469 	 -2.09134844
0.24270800 	 -2.08608373
0.24599131 	 -2.08081513
0.24927463 	 -2.07554223
0.25255794 	 -2.07026461
0.25584126 	 -2.06498187
0.25912457 	 -2.05969358
0.26240788 	 -2.05439933
0.26569120 	 -2.04909871
0.26897451 	 -2.04379131
0.27225782 	 -2.03847674
0.27554114 	 -2.03315459
0.27882445 	 -2.02782449
0.28210776 	 -2.02248604
0.28539108 	 -2.01713889
0.28867439 	 -2.01178268
0.29195771 	 -2.00641707
0.29524102 	 -2.00104171
0.29852433 	 -1.99565629
0.30180765 	 -1.99026051
0.30509096 	 -1.98485408
0.30837427 	 -1.97943673
0.31165759 	 -1.97400819
0.31494090 	 -1.96856824
0.31822422 	 -1.96311665
0.32150753 	 -1.95765323
0.32479084 	 -1.95217779
0.32807416 	 -1.94669018
0.33135747 	 -1.94119026
0.33464078 	 -1.93567792
0.33792410 	 -1.93015307
0.34120741 	 -1.92461563
0.34449073 	 -1.91906559
0.34777404 	 -1.91350291
0.35105735 	 -1.90792761
0.35434067 	 -1.90233973
0.35762398 	 -1.89673934
0.36090729 	 -1.89112655
0.36419061 	 -1.88550148
0.36747392 	 -1.87986429
0.37075723 	 -1.87421517
0.37404055 	 -1.86855436
0.37732386 	 -1.86288212
0.38060718 	 -1.85719874
0.38389049 	 -1.85150455
0.38717380 	 -1.84579994
0.39045712 	 -1.84008530
0.39374043 	 -1.83436110
0.39702374 	 -1.82862781
0.40030706 	 -1.82288598
0.40359037 	 -1.81713618
0.40687369 	 -1.81137904
0.41015700 	 -1.80561521
0.41344031 	 -1.79984541
0.41672363 	 -1.79407041
0.42000694 	 -1.78829101
0.42329025 	 -1.78250808
0.42657357 	 -1.77672252
0.42985688 	 -1.77093531
0.43314020 	 -1.76514747
0.43642351 	 -1.75936007
0.43970682 	 -1.75357425
0.44299014 	 -1.74779119
0.44627345 	 -1.74201214
0.44955676 	 -1.73623843
0.45284008 	 -1.73047142
0.45612339 	 -1.72471254
0.45940670 	 -1.71896330
0.46269002 	 -1.71322527
0.46597333 	 -1.70750007
0.46925665 	 -1.70178941
0.47253996 	 -1.69609506
0.47582327 	 -1.69041885
0.47910659 	 -1.68476269
0.48238990 	 -1.67912856
0.48567321 	 -1.67351852
0.48895653 	 -1.66793469
0.49223984 	 -1.66237926
0.49552316 	 -1.65685451
0.49880647 	 -1.65136279
0.50208978 	 -1.64590652
0.50537310 	 -1.64048818
0.50865641 	 -1.63511035
0.51193972 	 -1.62977567
0.51522304 	 -1.62448686
0.51850635 	 -1.61924670
0.52178967 	 -1.61405805
0.52507298 	 -1.60892384
0.52835629 	 -1.60384708
0.53163961 	 -1.59883083
0.53492292 	 -1.59387822
0.53820623 	 -1.58899245
0.54148955 	 -1.58417678
0.54477286 	 -1.57943452
0.54805617 	 -1.57476905
0.55133949 	 -1.57018379
0.55462280 	 -1.56568221
0.55790612 	 -1.56126783
0.56118943 	 -1.55694420
0.56447274 	 -1.55271491
0.56775606 	 -1.54858358
0.57103937 	 -1.54455386
0.57432268 	 -1.54062939
0.57760600 	 -1.53681387
0.58088931 	 -1.53311095
0.58417263 	 -1.52952431
0.58745594 	 -1.52605762
0.59073925 	 -1.52271453
0.59402257 	 -1.51949864
0.59730588 	 -1.51641355
0.60058919 	 -1.51346280
0.60387251 	 -1.51064987
0.60715582 	 -1.50797819
0.61043914 	 -1.50545113
0.61372245 	 -1.50307195
0.61700576 	 -1.50084385
0.62028908 	 -1.49876991
0.62357239 	 -1.49685312
0.62685570 	 -1.49509634
0.63013902 	 -1.49350231
0.63342233 	 -1.49207362
0.63670565 	 -1.49081273
0.63998896 	 -1.48972195
0.64327227 	 -1.48880342
0.64655559 	 -1.48805912
0.64983890 	 -1.48749084
0.65312221 	 -1.48710020
0.65640553 	 -1.48688864
0.65968884 	 -1.48685740
0.66297215 	 -1.48700752
