TMD:	 WS2 

band  1
-1.31988486 	 -1.07324073
-1.31660157 	 -1.07319207
-1.31331827 	 -1.07330125
-1.31003498 	 -1.07356865
-1.30675168 	 -1.07399457
-1.30346838 	 -1.07457919
-1.30018509 	 -1.07532263
-1.29690179 	 -1.07622492
-1.29361850 	 -1.07728598
-1.29033520 	 -1.07850566
-1.28705191 	 -1.07988373
-1.28376861 	 -1.08141985
-1.28048531 	 -1.08311360
-1.27720202 	 -1.08496450
-1.27391872 	 -1.08697194
-1.27063543 	 -1.08913526
-1.26735213 	 -1.09145370
-1.26406884 	 -1.09392642
-1.26078554 	 -1.09655252
-1.25750224 	 -1.09933099
-1.25421895 	 -1.10226076
-1.25093565 	 -1.10534068
-1.24765236 	 -1.10856952
-1.24436906 	 -1.11194600
-1.24108577 	 -1.11546874
-1.23780247 	 -1.11913632
-1.23451917 	 -1.12294723
-1.23123588 	 -1.12689990
-1.22795258 	 -1.13099273
-1.22466929 	 -1.13522401
-1.22138599 	 -1.13959202
-1.21810270 	 -1.14409495
-1.21481940 	 -1.14873097
-1.21153610 	 -1.15349816
-1.20825281 	 -1.15839460
-1.20496951 	 -1.16341829
-1.20168622 	 -1.16856719
-1.19840292 	 -1.17383925
-1.19511963 	 -1.17923235
-1.19183633 	 -1.18474435
-1.18855304 	 -1.19037308
-1.18526974 	 -1.19611633
-1.18198644 	 -1.20197186
-1.17870315 	 -1.20793742
-1.17541985 	 -1.21401073
-1.17213656 	 -1.22018948
-1.16885326 	 -1.22647135
-1.16556997 	 -1.23285400
-1.16228667 	 -1.23933508
-1.15900337 	 -1.24591222
-1.15572008 	 -1.25258305
-1.15243678 	 -1.25934518
-1.14915349 	 -1.26619621
-1.14587019 	 -1.27313375
-1.14258690 	 -1.28015539
-1.13930360 	 -1.28725874
-1.13602030 	 -1.29444138
-1.13273701 	 -1.30170092
-1.12945371 	 -1.30903495
-1.12617042 	 -1.31644108
-1.12288712 	 -1.32391691
-1.11960383 	 -1.33146007
-1.11632053 	 -1.33906817
-1.11303723 	 -1.34673885
-1.10975394 	 -1.35446975
-1.10647064 	 -1.36225852
-1.10318735 	 -1.37010284
-1.09990405 	 -1.37800037
-1.09662076 	 -1.38594880
-1.09333746 	 -1.39394586
-1.09005416 	 -1.40198925
-1.08677087 	 -1.41007671
-1.08348757 	 -1.41820600
-1.08020428 	 -1.42637490
-1.07692098 	 -1.43458117
-1.07363769 	 -1.44282265
-1.07035439 	 -1.45109714
-1.06707109 	 -1.45940249
-1.06378780 	 -1.46773657
-1.06050450 	 -1.47609726
-1.05722121 	 -1.48448245
-1.05393791 	 -1.49289008
-1.05065462 	 -1.50131808
-1.04737132 	 -1.50976440
-1.04408803 	 -1.51822704
-1.04080473 	 -1.52670399
-1.03752143 	 -1.53519328
-1.03423814 	 -1.54369293
-1.03095484 	 -1.55220102
-1.02767155 	 -1.56071562
-1.02438825 	 -1.56923483
-1.02110496 	 -1.57775676
-1.01782166 	 -1.58627955
-1.01453836 	 -1.59480135
-1.01125507 	 -1.60332034
-1.00797177 	 -1.61183469
-1.00468848 	 -1.62034263
-1.00140518 	 -1.62884235
-0.99812189 	 -1.63733211
-0.99483859 	 -1.64581015
-0.99155529 	 -1.65427474
-0.98827200 	 -1.66272416
-0.98498870 	 -1.67115669
-0.98170541 	 -1.67957063
-0.97842211 	 -1.68796432
-0.97513882 	 -1.69633606
-0.97185552 	 -1.70468419
-0.96857222 	 -1.71300705
-0.96528893 	 -1.72130298
-0.96200563 	 -1.72957035
-0.95872234 	 -1.73780751
-0.95543904 	 -1.74601282
-0.95215575 	 -1.75418465
-0.94887245 	 -1.76232136
-0.94558915 	 -1.77042131
-0.94230586 	 -1.77848287
-0.93902256 	 -1.78650439
-0.93573927 	 -1.79448424
-0.93245597 	 -1.80242075
-0.92917268 	 -1.81031227
-0.92588938 	 -1.81815713
-0.92260609 	 -1.82595365
-0.91932279 	 -1.83370013
-0.91603949 	 -1.84139487
-0.91275620 	 -1.84903614
-0.90947290 	 -1.85662220
-0.90618961 	 -1.86415129
-0.90290631 	 -1.87162161
-0.89962302 	 -1.87903137
-0.89633972 	 -1.88637873
-0.89305642 	 -1.89366183
-0.88977313 	 -1.90087878
-0.88648983 	 -1.90802766
-0.88320654 	 -1.91510652
-0.87992324 	 -1.92211338
-0.87663995 	 -1.92904620
-0.87335665 	 -1.93590294
-0.87007335 	 -1.94268148
-0.86679006 	 -1.94937971
-0.86350676 	 -1.95599543
-0.86022347 	 -1.96252643
-0.85694017 	 -1.96897044
-0.85365688 	 -1.97532515
-0.85037358 	 -1.98158822
-0.84709028 	 -1.98775724
-0.84380699 	 -1.99382978
-0.84052369 	 -1.99980334
-0.83724040 	 -2.00567539
-0.83395710 	 -2.01144337
-0.83067381 	 -2.01710466
-0.82739051 	 -2.02265660
-0.82410721 	 -2.02809650
-0.82082392 	 -2.03342163
-0.81754062 	 -2.03862923
-0.81425733 	 -2.04371651
-0.81097403 	 -2.04868065
-0.80769074 	 -2.05351882
-0.80440744 	 -2.05822817
-0.80112415 	 -2.06280582
-0.79784085 	 -2.06724893
-0.79455755 	 -2.07155462
-0.79127426 	 -2.07572004
-0.78799096 	 -2.07974237
-0.78470767 	 -2.08361879
-0.78142437 	 -2.08734654
-0.77814108 	 -2.09092289
-0.77485778 	 -2.09434517
-0.77157448 	 -2.09761078
-0.76829119 	 -2.10071719
-0.76500789 	 -2.10366198
-0.76172460 	 -2.10644278
-0.75844130 	 -2.10905739
-0.75515801 	 -2.11150369
-0.75187471 	 -2.11377971
-0.74859141 	 -2.11588360
-0.74530812 	 -2.11781371
-0.74202482 	 -2.11956850
-0.73874153 	 -2.12114664
-0.73545823 	 -2.12254697
-0.73217494 	 -2.12376851
-0.72889164 	 -2.12481051
-0.72560834 	 -2.12567238
-0.72232505 	 -2.12635376
-0.71904175 	 -2.12685451
-0.71575846 	 -2.12717469
-0.71247516 	 -2.12731457
-0.70919187 	 -2.12727465
-0.70590857 	 -2.12705565
-0.70262527 	 -2.12665847
-0.69934198 	 -2.12608425
-0.69605868 	 -2.12533432
-0.69277539 	 -2.12441021
-0.68949209 	 -2.12331363
-0.68620880 	 -2.12204647
-0.68292550 	 -2.12061082
-0.67964221 	 -2.11900889
-0.67635891 	 -2.11724307
-0.67307561 	 -2.11531590
-0.66979232 	 -2.11323001
-0.66650902 	 -2.11098819
-0.66322573 	 -2.10859331
-0.65994243 	 -2.10604834
-0.65665914 	 -2.10335634
-0.65337584 	 -2.10052044
-0.65009254 	 -2.09754383
-0.64680925 	 -2.09442974
-0.64352595 	 -2.09118144
-0.64024266 	 -2.08780224
-0.63695936 	 -2.08429546
-0.63367607 	 -2.08066443
-0.63039277 	 -2.07691248
-0.62710947 	 -2.07304295
-0.62382618 	 -2.06905914
-0.62054288 	 -2.06496435
-0.61725959 	 -2.06076184
-0.61397629 	 -2.05645485
-0.61069300 	 -2.05204657
-0.60740970 	 -2.04754017
-0.60412640 	 -2.04293876
-0.60084311 	 -2.03824540
-0.59755981 	 -2.03346312
-0.59427652 	 -2.02859487
-0.59099322 	 -2.02364356
-0.58770993 	 -2.01861206
-0.58442663 	 -2.01350315
-0.58114333 	 -2.00831959
-0.57786004 	 -2.00306405
-0.57457674 	 -1.99773917
-0.57129345 	 -1.99234751
-0.56801015 	 -1.98689159
-0.56472686 	 -1.98137387
-0.56144356 	 -1.97579675
-0.55816027 	 -1.97016259
-0.55487697 	 -1.96447369
-0.55159367 	 -1.95873228
-0.54831038 	 -1.95294057
-0.54502708 	 -1.94710071
-0.54174379 	 -1.94121479
-0.53846049 	 -1.93528488
-0.53517720 	 -1.92931299
-0.53189390 	 -1.92330108
-0.52861060 	 -1.91725110
-0.52532731 	 -1.91116492
-0.52204401 	 -1.90504441
-0.51876072 	 -1.89889138
-0.51547742 	 -1.89270762
-0.51219413 	 -1.88649487
-0.50891083 	 -1.88025487
-0.50562753 	 -1.87398930
-0.50234424 	 -1.86769983
-0.49906094 	 -1.86138809
-0.49577765 	 -1.85505571
-0.49249435 	 -1.84870427
-0.48921106 	 -1.84233533
-0.48592776 	 -1.83595045
-0.48264446 	 -1.82955115
-0.47936117 	 -1.82313894
-0.47607787 	 -1.81671531
-0.47279458 	 -1.81028175
-0.46951128 	 -1.80383970
-0.46622799 	 -1.79739062
-0.46294469 	 -1.79093594
-0.45966139 	 -1.78447707
-0.45637810 	 -1.77801544
-0.45309480 	 -1.77155243
-0.44981151 	 -1.76508945
-0.44652821 	 -1.75862786
-0.44324492 	 -1.75216904
-0.43996162 	 -1.74571435
-0.43667833 	 -1.73926516
-0.43339503 	 -1.73282281
-0.43011173 	 -1.72638864
-0.42682844 	 -1.71996401
-0.42354514 	 -1.71355023
-0.42026185 	 -1.70714865
-0.41697855 	 -1.70076059
-0.41369526 	 -1.69438737
-0.41041196 	 -1.68803031
-0.40712866 	 -1.68169073
-0.40384537 	 -1.67536994
-0.40056207 	 -1.66906926
-0.39727878 	 -1.66278999
-0.39399548 	 -1.65653345
-0.39071219 	 -1.65030094
-0.38742889 	 -1.64409376
-0.38414559 	 -1.63791323
-0.38086230 	 -1.63176065
-0.37757900 	 -1.62563731
-0.37429571 	 -1.61954454
-0.37101241 	 -1.61348362
-0.36772912 	 -1.60745586
-0.36444582 	 -1.60146257
-0.36116252 	 -1.59550505
-0.35787923 	 -1.58958461
-0.35459593 	 -1.58370255
-0.35131264 	 -1.57786018
-0.34802934 	 -1.57205880
-0.34474605 	 -1.56629973
-0.34146275 	 -1.56058427
-0.33817945 	 -1.55491374
-0.33489616 	 -1.54928945
-0.33161286 	 -1.54371272
-0.32832957 	 -1.53818486
-0.32504627 	 -1.53270719
-0.32176298 	 -1.52728104
-0.31847968 	 -1.52190773
-0.31519638 	 -1.51658859
-0.31191309 	 -1.51132494
-0.30862979 	 -1.50611813
-0.30534650 	 -1.50096948
-0.30206320 	 -1.49588034
-0.29877991 	 -1.49085206
-0.29549661 	 -1.48588598
-0.29221332 	 -1.48098345
-0.28893002 	 -1.47614582
-0.28564672 	 -1.47137447
-0.28236343 	 -1.46667075
-0.27908013 	 -1.46203604
-0.27579684 	 -1.45747170
-0.27251354 	 -1.45297911
-0.26923025 	 -1.44855966
-0.26594695 	 -1.44421474
-0.26266365 	 -1.43994573
-0.25938036 	 -1.43575403
-0.25609706 	 -1.43164105
-0.25281377 	 -1.42760817
-0.24953047 	 -1.42365682
-0.24624718 	 -1.41978840
-0.24296388 	 -1.41600432
-0.23968058 	 -1.41230598
-0.23639729 	 -1.40869481
-0.23311399 	 -1.40517222
-0.22983070 	 -1.40173960
-0.22654740 	 -1.39839836
-0.22326411 	 -1.39514991
-0.21998081 	 -1.39199563
-0.21669751 	 -1.38893690
-0.21341422 	 -1.38597510
-0.21013092 	 -1.38311156
-0.20684763 	 -1.38034762
-0.20356433 	 -1.37768459
-0.20028104 	 -1.37512376
-0.19699774 	 -1.37266637
-0.19371444 	 -1.37031363
-0.19043115 	 -1.36806673
-0.18714785 	 -1.36592677
-0.18386456 	 -1.36389484
-0.18058126 	 -1.36197193
-0.17729797 	 -1.36015898
-0.17401467 	 -1.35845685
-0.17073138 	 -1.35686630
-0.16744808 	 -1.35538801
-0.16416478 	 -1.35402254
-0.16088149 	 -1.35277034
-0.15759819 	 -1.35163171
-0.15431490 	 -1.35060683
-0.15103160 	 -1.34969570
-0.14774831 	 -1.34889818
-0.14446501 	 -1.34821390
-0.14118171 	 -1.34764235
-0.13789842 	 -1.34718274
-0.13461512 	 -1.34683412
-0.13133183 	 -1.34659523
-0.12804853 	 -1.34646460
-0.12476524 	 -1.34644046
-0.12148194 	 -1.34652076
-0.11819864 	 -1.34670314
-0.11491535 	 -1.34698493
-0.11163205 	 -1.34736312
-0.10834876 	 -1.34783438
-0.10506546 	 -1.34839502
-0.10178217 	 -1.34904099
-0.09849887 	 -1.34976789
-0.09521557 	 -1.35057094
-0.09193228 	 -1.35144502
-0.08864898 	 -1.35238463
-0.08536569 	 -1.35338392
-0.08208239 	 -1.35443671
-0.07879910 	 -1.35553648
-0.07551580 	 -1.35667641
-0.07223250 	 -1.35784112
-0.06894921 	 -1.35900910
-0.06566591 	 -1.36020311
-0.06238262 	 -1.36141450
-0.05909932 	 -1.36263444
-0.05581603 	 -1.36385395
-0.05253273 	 -1.36506401
-0.04924944 	 -1.36625559
-0.04596614 	 -1.36741975
-0.04268284 	 -1.36854769
-0.03939955 	 -1.36963083
-0.03611625 	 -1.37066092
-0.03283296 	 -1.37163004
-0.02954966 	 -1.37253077
-0.02626637 	 -1.37335616
-0.02298307 	 -1.37409987
-0.01969977 	 -1.37475618
-0.01641648 	 -1.37532006
-0.01313318 	 -1.37578722
-0.00984989 	 -1.37615414
-0.00656659 	 -1.37641809
-0.00328330 	 -1.37657717
-0.00000000 	 -1.37663029
0.00328330 	 -1.37657717
0.00656659 	 -1.37641809
0.00984989 	 -1.37615414
0.01313318 	 -1.37578722
0.01641648 	 -1.37532006
0.01969977 	 -1.37475618
0.02298307 	 -1.37409987
0.02626637 	 -1.37335616
0.02954966 	 -1.37253077
0.03283296 	 -1.37163004
0.03611625 	 -1.37066092
0.03939955 	 -1.36963083
0.04268284 	 -1.36854769
0.04596614 	 -1.36741975
0.04924944 	 -1.36625559
0.05253273 	 -1.36506401
0.05581603 	 -1.36385395
0.05909932 	 -1.36263444
0.06238262 	 -1.36141450
0.06566591 	 -1.36020311
0.06894921 	 -1.35900910
0.07223250 	 -1.35784112
0.07551580 	 -1.35667641
0.07879910 	 -1.35553648
0.08208239 	 -1.35443671
0.08536569 	 -1.35338392
0.08864898 	 -1.35238463
0.09193228 	 -1.35144502
0.09521557 	 -1.35057094
0.09849887 	 -1.34976789
0.10178217 	 -1.34904099
0.10506546 	 -1.34839502
0.10834876 	 -1.34783438
0.11163205 	 -1.34736312
0.11491535 	 -1.34698493
0.11819864 	 -1.34670314
0.12148194 	 -1.34652076
0.12476524 	 -1.34644046
0.12804853 	 -1.34646460
0.13133183 	 -1.34659523
0.13461512 	 -1.34683412
0.13789842 	 -1.34718274
0.14118171 	 -1.34764235
0.14446501 	 -1.34821390
0.14774831 	 -1.34889818
0.15103160 	 -1.34969570
0.15431490 	 -1.35060683
0.15759819 	 -1.35163171
0.16088149 	 -1.35277034
0.16416478 	 -1.35402254
0.16744808 	 -1.35538801
0.17073138 	 -1.35686630
0.17401467 	 -1.35845685
0.17729797 	 -1.36015898
0.18058126 	 -1.36197193
0.18386456 	 -1.36389484
0.18714785 	 -1.36592677
0.19043115 	 -1.36806673
0.19371444 	 -1.37031363
0.19699774 	 -1.37266637
0.20028104 	 -1.37512376
0.20356433 	 -1.37768459
0.20684763 	 -1.38034762
0.21013092 	 -1.38311156
0.21341422 	 -1.38597510
0.21669751 	 -1.38893690
0.21998081 	 -1.39199563
0.22326411 	 -1.39514991
0.22654740 	 -1.39839836
0.22983070 	 -1.40173960
0.23311399 	 -1.40517222
0.23639729 	 -1.40869481
0.23968058 	 -1.41230598
0.24296388 	 -1.41600432
0.24624718 	 -1.41978840
0.24953047 	 -1.42365682
0.25281377 	 -1.42760817
0.25609706 	 -1.43164105
0.25938036 	 -1.43575403
0.26266365 	 -1.43994573
0.26594695 	 -1.44421474
0.26923025 	 -1.44855966
0.27251354 	 -1.45297911
0.27579684 	 -1.45747170
0.27908013 	 -1.46203604
0.28236343 	 -1.46667075
0.28564672 	 -1.47137447
0.28893002 	 -1.47614582
0.29221332 	 -1.48098345
0.29549661 	 -1.48588598
0.29877991 	 -1.49085206
0.30206320 	 -1.49588034
0.30534650 	 -1.50096948
0.30862979 	 -1.50611813
0.31191309 	 -1.51132494
0.31519638 	 -1.51658859
0.31847968 	 -1.52190773
0.32176298 	 -1.52728104
0.32504627 	 -1.53270719
0.32832957 	 -1.53818486
0.33161286 	 -1.54371272
0.33489616 	 -1.54928945
0.33817945 	 -1.55491374
0.34146275 	 -1.56058427
0.34474605 	 -1.56629973
0.34802934 	 -1.57205880
0.35131264 	 -1.57786018
0.35459593 	 -1.58370255
0.35787923 	 -1.58958461
0.36116252 	 -1.59550505
0.36444582 	 -1.60146257
0.36772912 	 -1.60745586
0.37101241 	 -1.61348362
0.37429571 	 -1.61954454
0.37757900 	 -1.62563731
0.38086230 	 -1.63176065
0.38414559 	 -1.63791323
0.38742889 	 -1.64409376
0.39071219 	 -1.65030094
0.39399548 	 -1.65653345
0.39727878 	 -1.66278999
0.40056207 	 -1.66906926
0.40384537 	 -1.67536994
0.40712866 	 -1.68169073
0.41041196 	 -1.68803031
0.41369526 	 -1.69438737
0.41697855 	 -1.70076059
0.42026185 	 -1.70714865
0.42354514 	 -1.71355023
0.42682844 	 -1.71996401
0.43011173 	 -1.72638864
0.43339503 	 -1.73282281
0.43667833 	 -1.73926516
0.43996162 	 -1.74571435
0.44324492 	 -1.75216904
0.44652821 	 -1.75862786
0.44981151 	 -1.76508945
0.45309480 	 -1.77155243
0.45637810 	 -1.77801544
0.45966139 	 -1.78447707
0.46294469 	 -1.79093594
0.46622799 	 -1.79739062
0.46951128 	 -1.80383970
0.47279458 	 -1.81028175
0.47607787 	 -1.81671531
0.47936117 	 -1.82313894
0.48264446 	 -1.82955115
0.48592776 	 -1.83595045
0.48921106 	 -1.84233533
0.49249435 	 -1.84870427
0.49577765 	 -1.85505571
0.49906094 	 -1.86138809
0.50234424 	 -1.86769983
0.50562753 	 -1.87398930
0.50891083 	 -1.88025487
0.51219413 	 -1.88649487
0.51547742 	 -1.89270762
0.51876072 	 -1.89889138
0.52204401 	 -1.90504441
0.52532731 	 -1.91116492
0.52861060 	 -1.91725110
0.53189390 	 -1.92330108
0.53517720 	 -1.92931299
0.53846049 	 -1.93528488
0.54174379 	 -1.94121479
0.54502708 	 -1.94710071
0.54831038 	 -1.95294057
0.55159367 	 -1.95873228
0.55487697 	 -1.96447369
0.55816027 	 -1.97016259
0.56144356 	 -1.97579675
0.56472686 	 -1.98137387
0.56801015 	 -1.98689159
0.57129345 	 -1.99234751
0.57457674 	 -1.99773917
0.57786004 	 -2.00306405
0.58114333 	 -2.00831959
0.58442663 	 -2.01350315
0.58770993 	 -2.01861206
0.59099322 	 -2.02364356
0.59427652 	 -2.02859487
0.59755981 	 -2.03346312
0.60084311 	 -2.03824540
0.60412640 	 -2.04293876
0.60740970 	 -2.04754017
0.61069300 	 -2.05204657
0.61397629 	 -2.05645485
0.61725959 	 -2.06076184
0.62054288 	 -2.06496435
0.62382618 	 -2.06905914
0.62710947 	 -2.07304295
0.63039277 	 -2.07691248
0.63367607 	 -2.08066443
0.63695936 	 -2.08429546
0.64024266 	 -2.08780224
0.64352595 	 -2.09118144
0.64680925 	 -2.09442974
0.65009254 	 -2.09754383
0.65337584 	 -2.10052044
0.65665914 	 -2.10335634
0.65994243 	 -2.10604834
0.66322573 	 -2.10859331
0.66650902 	 -2.11098819
0.66979232 	 -2.11323001
0.67307561 	 -2.11531590
0.67635891 	 -2.11724307
0.67964221 	 -2.11900889
0.68292550 	 -2.12061082
0.68620880 	 -2.12204647
0.68949209 	 -2.12331363
0.69277539 	 -2.12441021
0.69605868 	 -2.12533432
0.69934198 	 -2.12608425
0.70262527 	 -2.12665847
0.70590857 	 -2.12705565
0.70919187 	 -2.12727465
0.71247516 	 -2.12731457
0.71575846 	 -2.12717469
0.71904175 	 -2.12685451
0.72232505 	 -2.12635376
0.72560834 	 -2.12567238
0.72889164 	 -2.12481051
0.73217494 	 -2.12376851
0.73545823 	 -2.12254697
0.73874153 	 -2.12114664
0.74202482 	 -2.11956850
0.74530812 	 -2.11781371
0.74859141 	 -2.11588360
0.75187471 	 -2.11377971
0.75515801 	 -2.11150369
0.75844130 	 -2.10905739
0.76172460 	 -2.10644278
0.76500789 	 -2.10366198
0.76829119 	 -2.10071719
0.77157448 	 -2.09761078
0.77485778 	 -2.09434517
0.77814108 	 -2.09092289
0.78142437 	 -2.08734654
0.78470767 	 -2.08361879
0.78799096 	 -2.07974237
0.79127426 	 -2.07572004
0.79455755 	 -2.07155462
0.79784085 	 -2.06724893
0.80112415 	 -2.06280582
0.80440744 	 -2.05822817
0.80769074 	 -2.05351882
0.81097403 	 -2.04868065
0.81425733 	 -2.04371651
0.81754062 	 -2.03862923
0.82082392 	 -2.03342163
0.82410721 	 -2.02809650
0.82739051 	 -2.02265660
0.83067381 	 -2.01710466
0.83395710 	 -2.01144337
0.83724040 	 -2.00567539
0.84052369 	 -1.99980334
0.84380699 	 -1.99382978
0.84709028 	 -1.98775724
0.85037358 	 -1.98158822
0.85365688 	 -1.97532515
0.85694017 	 -1.96897044
0.86022347 	 -1.96252643
0.86350676 	 -1.95599543
0.86679006 	 -1.94937971
0.87007335 	 -1.94268148
0.87335665 	 -1.93590294
0.87663995 	 -1.92904620
0.87992324 	 -1.92211338
0.88320654 	 -1.91510652
0.88648983 	 -1.90802766
0.88977313 	 -1.90087878
0.89305642 	 -1.89366183
0.89633972 	 -1.88637873
0.89962302 	 -1.87903137
0.90290631 	 -1.87162161
0.90618961 	 -1.86415129
0.90947290 	 -1.85662220
0.91275620 	 -1.84903614
0.91603949 	 -1.84139487
0.91932279 	 -1.83370013
0.92260609 	 -1.82595365
0.92588938 	 -1.81815713
0.92917268 	 -1.81031227
0.93245597 	 -1.80242075
0.93573927 	 -1.79448424
0.93902256 	 -1.78650439
0.94230586 	 -1.77848287
0.94558915 	 -1.77042131
0.94887245 	 -1.76232136
0.95215575 	 -1.75418465
0.95543904 	 -1.74601282
0.95872234 	 -1.73780751
0.96200563 	 -1.72957035
0.96528893 	 -1.72130298
0.96857222 	 -1.71300705
0.97185552 	 -1.70468419
0.97513882 	 -1.69633606
0.97842211 	 -1.68796432
0.98170541 	 -1.67957063
0.98498870 	 -1.67115669
0.98827200 	 -1.66272416
0.99155529 	 -1.65427474
0.99483859 	 -1.64581015
0.99812189 	 -1.63733211
1.00140518 	 -1.62884235
1.00468848 	 -1.62034263
1.00797177 	 -1.61183469
1.01125507 	 -1.60332034
1.01453836 	 -1.59480135
1.01782166 	 -1.58627955
1.02110496 	 -1.57775676
1.02438825 	 -1.56923483
1.02767155 	 -1.56071562
1.03095484 	 -1.55220102
1.03423814 	 -1.54369293
1.03752143 	 -1.53519328
1.04080473 	 -1.52670399
1.04408803 	 -1.51822704
1.04737132 	 -1.50976440
1.05065462 	 -1.50131808
1.05393791 	 -1.49289008
1.05722121 	 -1.48448245
1.06050450 	 -1.47609726
1.06378780 	 -1.46773657
1.06707109 	 -1.45940249
1.07035439 	 -1.45109714
1.07363769 	 -1.44282265
1.07692098 	 -1.43458117
1.08020428 	 -1.42637490
1.08348757 	 -1.41820600
1.08677087 	 -1.41007671
1.09005416 	 -1.40198925
1.09333746 	 -1.39394586
1.09662076 	 -1.38594880
1.09990405 	 -1.37800037
1.10318735 	 -1.37010284
1.10647064 	 -1.36225852
1.10975394 	 -1.35446975
1.11303723 	 -1.34673885
1.11632053 	 -1.33906817
1.11960383 	 -1.33146007
1.12288712 	 -1.32391691
1.12617042 	 -1.31644108
1.12945371 	 -1.30903495
1.13273701 	 -1.30170092
1.13602030 	 -1.29444138
1.13930360 	 -1.28725874
1.14258690 	 -1.28015539
1.14587019 	 -1.27313375
1.14915349 	 -1.26619621
1.15243678 	 -1.25934518
1.15572008 	 -1.25258305
1.15900337 	 -1.24591222
1.16228667 	 -1.23933508
1.16556997 	 -1.23285400
1.16885326 	 -1.22647135
1.17213656 	 -1.22018948
1.17541985 	 -1.21401073
1.17870315 	 -1.20793742
1.18198644 	 -1.20197186
1.18526974 	 -1.19611633
1.18855304 	 -1.19037308
1.19183633 	 -1.18474435
1.19511963 	 -1.17923235
1.19840292 	 -1.17383925
1.20168622 	 -1.16856719
1.20496951 	 -1.16341829
1.20825281 	 -1.15839460
1.21153610 	 -1.15349816
1.21481940 	 -1.14873097
1.21810270 	 -1.14409495
1.22138599 	 -1.13959202
1.22466929 	 -1.13522401
1.22795258 	 -1.13099273
1.23123588 	 -1.12689990
1.23451917 	 -1.12294723
1.23780247 	 -1.11913632
1.24108577 	 -1.11546874
1.24436906 	 -1.11194600
1.24765236 	 -1.10856952
1.25093565 	 -1.10534068
1.25421895 	 -1.10226076
1.25750224 	 -1.09933099
1.26078554 	 -1.09655252
1.26406884 	 -1.09392642
1.26735213 	 -1.09145370
1.27063543 	 -1.08913526
1.27391872 	 -1.08697194
1.27720202 	 -1.08496450
1.28048531 	 -1.08311360
1.28376861 	 -1.08141985
1.28705191 	 -1.07988373
1.29033520 	 -1.07850566
1.29361850 	 -1.07728598
1.29690179 	 -1.07622492
1.30018509 	 -1.07532263
1.30346838 	 -1.07457919
1.30675168 	 -1.07399457
1.31003498 	 -1.07356865
1.31331827 	 -1.07330125
1.31660157 	 -1.07319207
1.31988486 	 -1.07324073
band  2
-1.31988486 	 -1.50811075
-1.31660157 	 -1.50806985
-1.31331827 	 -1.50816162
-1.31003498 	 -1.50838642
-1.30675168 	 -1.50874451
-1.30346838 	 -1.50923611
-1.30018509 	 -1.50986136
-1.29690179 	 -1.51062034
-1.29361850 	 -1.51151308
-1.29033520 	 -1.51253951
-1.28705191 	 -1.51369952
-1.28376861 	 -1.51499292
-1.28048531 	 -1.51641947
-1.27720202 	 -1.51797885
-1.27391872 	 -1.51967069
-1.27063543 	 -1.52149454
-1.26735213 	 -1.52344990
-1.26406884 	 -1.52553619
-1.26078554 	 -1.52775281
-1.25750224 	 -1.53009904
-1.25421895 	 -1.53257414
-1.25093565 	 -1.53517732
-1.24765236 	 -1.53790769
-1.24436906 	 -1.54076434
-1.24108577 	 -1.54374629
-1.23780247 	 -1.54685250
-1.23451917 	 -1.55008191
-1.23123588 	 -1.55343336
-1.22795258 	 -1.55690567
-1.22466929 	 -1.56049762
-1.22138599 	 -1.56420791
-1.21810270 	 -1.56803522
-1.21481940 	 -1.57197818
-1.21153610 	 -1.57603539
-1.20825281 	 -1.58020537
-1.20496951 	 -1.58448665
-1.20168622 	 -1.58887769
-1.19840292 	 -1.59337693
-1.19511963 	 -1.59798276
-1.19183633 	 -1.60269355
-1.18855304 	 -1.60750764
-1.18526974 	 -1.61242333
-1.18198644 	 -1.61743891
-1.17870315 	 -1.62255262
-1.17541985 	 -1.62776269
-1.17213656 	 -1.63306734
-1.16885326 	 -1.63846475
-1.16556997 	 -1.64395308
-1.16228667 	 -1.64953048
-1.15900337 	 -1.65519508
-1.15572008 	 -1.66094501
-1.15243678 	 -1.66677835
-1.14915349 	 -1.67269321
-1.14587019 	 -1.67868767
-1.14258690 	 -1.68475980
-1.13930360 	 -1.69090767
-1.13602030 	 -1.69712933
-1.13273701 	 -1.70342284
-1.12945371 	 -1.70978625
-1.12617042 	 -1.71621762
-1.12288712 	 -1.72271498
-1.11960383 	 -1.72927639
-1.11632053 	 -1.73589990
-1.11303723 	 -1.74258357
-1.10975394 	 -1.74932544
-1.10647064 	 -1.75612358
-1.10318735 	 -1.76297607
-1.09990405 	 -1.76988096
-1.09662076 	 -1.77683635
-1.09333746 	 -1.78384033
-1.09005416 	 -1.79089099
-1.08677087 	 -1.79798645
-1.08348757 	 -1.80512483
-1.08020428 	 -1.81230426
-1.07692098 	 -1.81952289
-1.07363769 	 -1.82677888
-1.07035439 	 -1.83407041
-1.06707109 	 -1.84139565
-1.06378780 	 -1.84875283
-1.06050450 	 -1.85614014
-1.05722121 	 -1.86355584
-1.05393791 	 -1.87099817
-1.05065462 	 -1.87846539
-1.04737132 	 -1.88595580
-1.04408803 	 -1.89346770
-1.04080473 	 -1.90099941
-1.03752143 	 -1.90854927
-1.03423814 	 -1.91611563
-1.03095484 	 -1.92369686
-1.02767155 	 -1.93129137
-1.02438825 	 -1.93889756
-1.02110496 	 -1.94651386
-1.01782166 	 -1.95413872
-1.01453836 	 -1.96177060
-1.01125507 	 -1.96940799
-1.00797177 	 -1.97704939
-1.00468848 	 -1.98469330
-1.00140518 	 -1.99233827
-0.99812189 	 -1.99998285
-0.99483859 	 -2.00762559
-0.99155529 	 -2.01526509
-0.98827200 	 -2.02289993
-0.98498870 	 -2.03052872
-0.98170541 	 -2.03815008
-0.97842211 	 -2.04576265
-0.97513882 	 -2.05336506
-0.97185552 	 -2.06095597
-0.96857222 	 -2.06853403
-0.96528893 	 -2.07609793
-0.96200563 	 -2.08364632
-0.95872234 	 -2.09117788
-0.95543904 	 -2.09869130
-0.95215575 	 -2.10618525
-0.94887245 	 -2.11365841
-0.94558915 	 -2.12110945
-0.94230586 	 -2.12853705
-0.93902256 	 -2.13593986
-0.93573927 	 -2.14331653
-0.93245597 	 -2.15066570
-0.92917268 	 -2.15798599
-0.92588938 	 -2.16527599
-0.92260609 	 -2.17253428
-0.91932279 	 -2.17975941
-0.91603949 	 -2.18694990
-0.91275620 	 -2.19410423
-0.90947290 	 -2.20122085
-0.90618961 	 -2.20829816
-0.90290631 	 -2.21533450
-0.89962302 	 -2.22232818
-0.89633972 	 -2.22927743
-0.89305642 	 -2.23618043
-0.88977313 	 -2.24303526
-0.88648983 	 -2.24983996
-0.88320654 	 -2.25659244
-0.87992324 	 -2.26329056
-0.87663995 	 -2.26993203
-0.87335665 	 -2.27651450
-0.87007335 	 -2.28303545
-0.86679006 	 -2.28949226
-0.86350676 	 -2.29588216
-0.86022347 	 -2.30220223
-0.85694017 	 -2.30844939
-0.85365688 	 -2.31462037
-0.85037358 	 -2.32071172
-0.84709028 	 -2.32671981
-0.84380699 	 -2.33264077
-0.84052369 	 -2.33847051
-0.83724040 	 -2.34420470
-0.83395710 	 -2.34983876
-0.83067381 	 -2.35536782
-0.82739051 	 -2.36078676
-0.82410721 	 -2.36609013
-0.82082392 	 -2.37127220
-0.81754062 	 -2.37632687
-0.81425733 	 -2.38124777
-0.81097403 	 -2.38602813
-0.80769074 	 -2.39066088
-0.80440744 	 -2.39513856
-0.80112415 	 -2.39945339
-0.79784085 	 -2.40359722
-0.79455755 	 -2.40756158
-0.79127426 	 -2.41133768
-0.78799096 	 -2.41491644
-0.78470767 	 -2.41828849
-0.78142437 	 -2.42144428
-0.77814108 	 -2.42437407
-0.77485778 	 -2.42706800
-0.77157448 	 -2.42951620
-0.76829119 	 -2.43170884
-0.76500789 	 -2.43363622
-0.76172460 	 -2.43528890
-0.75844130 	 -2.43665780
-0.75515801 	 -2.43773433
-0.75187471 	 -2.43851050
-0.74859141 	 -2.43897906
-0.74530812 	 -2.43913360
-0.74202482 	 -2.43896870
-0.73874153 	 -2.43848004
-0.73545823 	 -2.43766445
-0.73217494 	 -2.43652002
-0.72889164 	 -2.43504615
-0.72560834 	 -2.43324357
-0.72232505 	 -2.43111436
-0.71904175 	 -2.42866189
-0.71575846 	 -2.42589084
-0.71247516 	 -2.42280705
-0.70919187 	 -2.41941750
-0.70590857 	 -2.41573017
-0.70262527 	 -2.41175390
-0.69934198 	 -2.40749832
-0.69605868 	 -2.40297367
-0.69277539 	 -2.39819067
-0.68949209 	 -2.39316041
-0.68620880 	 -2.38789424
-0.68292550 	 -2.38240360
-0.67964221 	 -2.37669996
-0.67635891 	 -2.37079474
-0.67307561 	 -2.36469917
-0.66979232 	 -2.35842428
-0.66650902 	 -2.35198083
-0.66322573 	 -2.34537922
-0.65994243 	 -2.33862951
-0.65665914 	 -2.33174138
-0.65337584 	 -2.32472408
-0.65009254 	 -2.31758646
-0.64680925 	 -2.31033694
-0.64352595 	 -2.30298351
-0.64024266 	 -2.29553376
-0.63695936 	 -2.28799486
-0.63367607 	 -2.28037357
-0.63039277 	 -2.27267628
-0.62710947 	 -2.26490900
-0.62382618 	 -2.25707740
-0.62054288 	 -2.24918678
-0.61725959 	 -2.24124215
-0.61397629 	 -2.23324819
-0.61069300 	 -2.22520931
-0.60740970 	 -2.21712964
-0.60412640 	 -2.20901304
-0.60084311 	 -2.20086315
-0.59755981 	 -2.19268338
-0.59427652 	 -2.18447693
-0.59099322 	 -2.17624679
-0.58770993 	 -2.16799579
-0.58442663 	 -2.15972656
-0.58114333 	 -2.15144159
-0.57786004 	 -2.14314322
-0.57457674 	 -2.13483365
-0.57129345 	 -2.12651495
-0.56801015 	 -2.11818908
-0.56472686 	 -2.10985788
-0.56144356 	 -2.10152308
-0.55816027 	 -2.09318635
-0.55487697 	 -2.08484924
-0.55159367 	 -2.07651324
-0.54831038 	 -2.06817974
-0.54502708 	 -2.05985011
-0.54174379 	 -2.05152561
-0.53846049 	 -2.04320746
-0.53517720 	 -2.03489684
-0.53189390 	 -2.02659487
-0.52861060 	 -2.01830263
-0.52532731 	 -2.01002115
-0.52204401 	 -2.00175144
-0.51876072 	 -1.99349446
-0.51547742 	 -1.98525116
-0.51219413 	 -1.97702246
-0.50891083 	 -1.96880923
-0.50562753 	 -1.96061236
-0.50234424 	 -1.95243268
-0.49906094 	 -1.94427103
-0.49577765 	 -1.93612823
-0.49249435 	 -1.92800508
-0.48921106 	 -1.91990238
-0.48592776 	 -1.91182091
-0.48264446 	 -1.90376144
-0.47936117 	 -1.89572474
-0.47607787 	 -1.88771158
-0.47279458 	 -1.87972272
-0.46951128 	 -1.87175891
-0.46622799 	 -1.86382090
-0.46294469 	 -1.85590945
-0.45966139 	 -1.84802531
-0.45637810 	 -1.84016923
-0.45309480 	 -1.83234197
-0.44981151 	 -1.82454428
-0.44652821 	 -1.81677692
-0.44324492 	 -1.80904064
-0.43996162 	 -1.80133622
-0.43667833 	 -1.79366442
-0.43339503 	 -1.78602601
-0.43011173 	 -1.77842177
-0.42682844 	 -1.77085247
-0.42354514 	 -1.76331891
-0.42026185 	 -1.75582187
-0.41697855 	 -1.74836215
-0.41369526 	 -1.74094055
-0.41041196 	 -1.73355788
-0.40712866 	 -1.72621496
-0.40384537 	 -1.71891260
-0.40056207 	 -1.71165162
-0.39727878 	 -1.70443286
-0.39399548 	 -1.69725716
-0.39071219 	 -1.69012536
-0.38742889 	 -1.68303832
-0.38414559 	 -1.67599688
-0.38086230 	 -1.66900190
-0.37757900 	 -1.66205427
-0.37429571 	 -1.65515485
-0.37101241 	 -1.64830452
-0.36772912 	 -1.64150418
-0.36444582 	 -1.63475471
-0.36116252 	 -1.62805702
-0.35787923 	 -1.62141201
-0.35459593 	 -1.61482059
-0.35131264 	 -1.60828369
-0.34802934 	 -1.60180222
-0.34474605 	 -1.59537712
-0.34146275 	 -1.58900932
-0.33817945 	 -1.58269977
-0.33489616 	 -1.57644942
-0.33161286 	 -1.57025922
-0.32832957 	 -1.56413014
-0.32504627 	 -1.55806314
-0.32176298 	 -1.55205920
-0.31847968 	 -1.54611931
-0.31519638 	 -1.54024444
-0.31191309 	 -1.53443561
-0.30862979 	 -1.52869381
-0.30534650 	 -1.52302005
-0.30206320 	 -1.51741535
-0.29877991 	 -1.51188073
-0.29549661 	 -1.50641724
-0.29221332 	 -1.50102592
-0.28893002 	 -1.49570780
-0.28564672 	 -1.49046396
-0.28236343 	 -1.48529547
-0.27908013 	 -1.48020339
-0.27579684 	 -1.47518882
-0.27251354 	 -1.47025285
-0.26923025 	 -1.46539659
-0.26594695 	 -1.46062115
-0.26266365 	 -1.45592767
-0.25938036 	 -1.45131728
-0.25609706 	 -1.44679113
-0.25281377 	 -1.44235038
-0.24953047 	 -1.43799619
-0.24624718 	 -1.43372976
-0.24296388 	 -1.42955226
-0.23968058 	 -1.42546491
-0.23639729 	 -1.42146892
-0.23311399 	 -1.41756550
-0.22983070 	 -1.41375590
-0.22654740 	 -1.41004136
-0.22326411 	 -1.40642312
-0.21998081 	 -1.40290245
-0.21669751 	 -1.39948060
-0.21341422 	 -1.39615885
-0.21013092 	 -1.39293847
-0.20684763 	 -1.38982073
-0.20356433 	 -1.38680689
-0.20028104 	 -1.38389824
-0.19699774 	 -1.38109601
-0.19371444 	 -1.37840146
-0.19043115 	 -1.37581581
-0.18714785 	 -1.37334029
-0.18386456 	 -1.37097606
-0.18058126 	 -1.36872428
-0.17729797 	 -1.36658605
-0.17401467 	 -1.36456244
-0.17073138 	 -1.36265446
-0.16744808 	 -1.36086304
-0.16416478 	 -1.35918904
-0.16088149 	 -1.35763324
-0.15759819 	 -1.35619631
-0.15431490 	 -1.35487881
-0.15103160 	 -1.35368115
-0.14774831 	 -1.35260363
-0.14446501 	 -1.35164635
-0.14118171 	 -1.35080925
-0.13789842 	 -1.35009206
-0.13461512 	 -1.34949428
-0.13133183 	 -1.34901519
-0.12804853 	 -1.34865377
-0.12476524 	 -1.34840874
-0.12148194 	 -1.34827851
-0.11819864 	 -1.34826113
-0.11491535 	 -1.34835433
-0.11163205 	 -1.34855545
-0.10834876 	 -1.34886142
-0.10506546 	 -1.34926878
-0.10178217 	 -1.34977364
-0.09849887 	 -1.35037166
-0.09521557 	 -1.35105805
-0.09193228 	 -1.35182758
-0.08864898 	 -1.35267455
-0.08536569 	 -1.35359283
-0.08208239 	 -1.35457582
-0.07879910 	 -1.35561653
-0.07551580 	 -1.35670756
-0.07223250 	 -1.35784939
-0.06894921 	 -1.35904803
-0.06566591 	 -1.36026473
-0.06238262 	 -1.36149170
-0.05909932 	 -1.36272099
-0.05581603 	 -1.36394454
-0.05253273 	 -1.36515422
-0.04924944 	 -1.36634189
-0.04596614 	 -1.36749948
-0.04268284 	 -1.36861898
-0.03939955 	 -1.36969257
-0.03611625 	 -1.37071265
-0.03283296 	 -1.37167188
-0.02954966 	 -1.37256329
-0.02626637 	 -1.37338031
-0.02298307 	 -1.37411684
-0.01969977 	 -1.37476731
-0.01641648 	 -1.37532673
-0.01313318 	 -1.37579073
-0.00984989 	 -1.37615565
-0.00656659 	 -1.37641855
-0.00328330 	 -1.37657723
-0.00000000 	 -1.37663029
0.00328330 	 -1.37657723
0.00656659 	 -1.37641855
0.00984989 	 -1.37615565
0.01313318 	 -1.37579073
0.01641648 	 -1.37532673
0.01969977 	 -1.37476731
0.02298307 	 -1.37411684
0.02626637 	 -1.37338031
0.02954966 	 -1.37256329
0.03283296 	 -1.37167188
0.03611625 	 -1.37071265
0.03939955 	 -1.36969257
0.04268284 	 -1.36861898
0.04596614 	 -1.36749948
0.04924944 	 -1.36634189
0.05253273 	 -1.36515422
0.05581603 	 -1.36394454
0.05909932 	 -1.36272099
0.06238262 	 -1.36149170
0.06566591 	 -1.36026473
0.06894921 	 -1.35904803
0.07223250 	 -1.35784939
0.07551580 	 -1.35670756
0.07879910 	 -1.35561653
0.08208239 	 -1.35457582
0.08536569 	 -1.35359283
0.08864898 	 -1.35267455
0.09193228 	 -1.35182758
0.09521557 	 -1.35105805
0.09849887 	 -1.35037166
0.10178217 	 -1.34977364
0.10506546 	 -1.34926878
0.10834876 	 -1.34886142
0.11163205 	 -1.34855545
0.11491535 	 -1.34835433
0.11819864 	 -1.34826113
0.12148194 	 -1.34827851
0.12476524 	 -1.34840874
0.12804853 	 -1.34865377
0.13133183 	 -1.34901519
0.13461512 	 -1.34949428
0.13789842 	 -1.35009206
0.14118171 	 -1.35080925
0.14446501 	 -1.35164635
0.14774831 	 -1.35260363
0.15103160 	 -1.35368115
0.15431490 	 -1.35487881
0.15759819 	 -1.35619631
0.16088149 	 -1.35763324
0.16416478 	 -1.35918904
0.16744808 	 -1.36086304
0.17073138 	 -1.36265446
0.17401467 	 -1.36456244
0.17729797 	 -1.36658605
0.18058126 	 -1.36872428
0.18386456 	 -1.37097606
0.18714785 	 -1.37334029
0.19043115 	 -1.37581581
0.19371444 	 -1.37840146
0.19699774 	 -1.38109601
0.20028104 	 -1.38389824
0.20356433 	 -1.38680689
0.20684763 	 -1.38982073
0.21013092 	 -1.39293847
0.21341422 	 -1.39615885
0.21669751 	 -1.39948060
0.21998081 	 -1.40290245
0.22326411 	 -1.40642312
0.22654740 	 -1.41004136
0.22983070 	 -1.41375590
0.23311399 	 -1.41756550
0.23639729 	 -1.42146892
0.23968058 	 -1.42546491
0.24296388 	 -1.42955226
0.24624718 	 -1.43372976
0.24953047 	 -1.43799619
0.25281377 	 -1.44235038
0.25609706 	 -1.44679113
0.25938036 	 -1.45131728
0.26266365 	 -1.45592767
0.26594695 	 -1.46062115
0.26923025 	 -1.46539659
0.27251354 	 -1.47025285
0.27579684 	 -1.47518882
0.27908013 	 -1.48020339
0.28236343 	 -1.48529547
0.28564672 	 -1.49046396
0.28893002 	 -1.49570780
0.29221332 	 -1.50102592
0.29549661 	 -1.50641724
0.29877991 	 -1.51188073
0.30206320 	 -1.51741535
0.30534650 	 -1.52302005
0.30862979 	 -1.52869381
0.31191309 	 -1.53443561
0.31519638 	 -1.54024444
0.31847968 	 -1.54611931
0.32176298 	 -1.55205920
0.32504627 	 -1.55806314
0.32832957 	 -1.56413014
0.33161286 	 -1.57025922
0.33489616 	 -1.57644942
0.33817945 	 -1.58269977
0.34146275 	 -1.58900932
0.34474605 	 -1.59537712
0.34802934 	 -1.60180222
0.35131264 	 -1.60828369
0.35459593 	 -1.61482059
0.35787923 	 -1.62141201
0.36116252 	 -1.62805702
0.36444582 	 -1.63475471
0.36772912 	 -1.64150418
0.37101241 	 -1.64830452
0.37429571 	 -1.65515485
0.37757900 	 -1.66205427
0.38086230 	 -1.66900190
0.38414559 	 -1.67599688
0.38742889 	 -1.68303832
0.39071219 	 -1.69012536
0.39399548 	 -1.69725716
0.39727878 	 -1.70443286
0.40056207 	 -1.71165162
0.40384537 	 -1.71891260
0.40712866 	 -1.72621496
0.41041196 	 -1.73355788
0.41369526 	 -1.74094055
0.41697855 	 -1.74836215
0.42026185 	 -1.75582187
0.42354514 	 -1.76331891
0.42682844 	 -1.77085247
0.43011173 	 -1.77842177
0.43339503 	 -1.78602601
0.43667833 	 -1.79366442
0.43996162 	 -1.80133622
0.44324492 	 -1.80904064
0.44652821 	 -1.81677692
0.44981151 	 -1.82454428
0.45309480 	 -1.83234197
0.45637810 	 -1.84016923
0.45966139 	 -1.84802531
0.46294469 	 -1.85590945
0.46622799 	 -1.86382090
0.46951128 	 -1.87175891
0.47279458 	 -1.87972272
0.47607787 	 -1.88771158
0.47936117 	 -1.89572474
0.48264446 	 -1.90376144
0.48592776 	 -1.91182091
0.48921106 	 -1.91990238
0.49249435 	 -1.92800508
0.49577765 	 -1.93612823
0.49906094 	 -1.94427103
0.50234424 	 -1.95243268
0.50562753 	 -1.96061236
0.50891083 	 -1.96880923
0.51219413 	 -1.97702246
0.51547742 	 -1.98525116
0.51876072 	 -1.99349446
0.52204401 	 -2.00175144
0.52532731 	 -2.01002115
0.52861060 	 -2.01830263
0.53189390 	 -2.02659487
0.53517720 	 -2.03489684
0.53846049 	 -2.04320746
0.54174379 	 -2.05152561
0.54502708 	 -2.05985011
0.54831038 	 -2.06817974
0.55159367 	 -2.07651324
0.55487697 	 -2.08484924
0.55816027 	 -2.09318635
0.56144356 	 -2.10152308
0.56472686 	 -2.10985788
0.56801015 	 -2.11818908
0.57129345 	 -2.12651495
0.57457674 	 -2.13483365
0.57786004 	 -2.14314322
0.58114333 	 -2.15144159
0.58442663 	 -2.15972656
0.58770993 	 -2.16799579
0.59099322 	 -2.17624679
0.59427652 	 -2.18447693
0.59755981 	 -2.19268338
0.60084311 	 -2.20086315
0.60412640 	 -2.20901304
0.60740970 	 -2.21712964
0.61069300 	 -2.22520931
0.61397629 	 -2.23324819
0.61725959 	 -2.24124215
0.62054288 	 -2.24918678
0.62382618 	 -2.25707740
0.62710947 	 -2.26490900
0.63039277 	 -2.27267628
0.63367607 	 -2.28037357
0.63695936 	 -2.28799486
0.64024266 	 -2.29553376
0.64352595 	 -2.30298351
0.64680925 	 -2.31033694
0.65009254 	 -2.31758646
0.65337584 	 -2.32472408
0.65665914 	 -2.33174138
0.65994243 	 -2.33862951
0.66322573 	 -2.34537922
0.66650902 	 -2.35198083
0.66979232 	 -2.35842428
0.67307561 	 -2.36469917
0.67635891 	 -2.37079474
0.67964221 	 -2.37669996
0.68292550 	 -2.38240360
0.68620880 	 -2.38789424
0.68949209 	 -2.39316041
0.69277539 	 -2.39819067
0.69605868 	 -2.40297367
0.69934198 	 -2.40749832
0.70262527 	 -2.41175390
0.70590857 	 -2.41573017
0.70919187 	 -2.41941750
0.71247516 	 -2.42280705
0.71575846 	 -2.42589084
0.71904175 	 -2.42866189
0.72232505 	 -2.43111436
0.72560834 	 -2.43324357
0.72889164 	 -2.43504615
0.73217494 	 -2.43652002
0.73545823 	 -2.43766445
0.73874153 	 -2.43848004
0.74202482 	 -2.43896870
0.74530812 	 -2.43913360
0.74859141 	 -2.43897906
0.75187471 	 -2.43851050
0.75515801 	 -2.43773433
0.75844130 	 -2.43665780
0.76172460 	 -2.43528890
0.76500789 	 -2.43363622
0.76829119 	 -2.43170884
0.77157448 	 -2.42951620
0.77485778 	 -2.42706800
0.77814108 	 -2.42437407
0.78142437 	 -2.42144428
0.78470767 	 -2.41828849
0.78799096 	 -2.41491644
0.79127426 	 -2.41133768
0.79455755 	 -2.40756158
0.79784085 	 -2.40359722
0.80112415 	 -2.39945339
0.80440744 	 -2.39513856
0.80769074 	 -2.39066088
0.81097403 	 -2.38602813
0.81425733 	 -2.38124777
0.81754062 	 -2.37632687
0.82082392 	 -2.37127220
0.82410721 	 -2.36609013
0.82739051 	 -2.36078676
0.83067381 	 -2.35536782
0.83395710 	 -2.34983876
0.83724040 	 -2.34420470
0.84052369 	 -2.33847051
0.84380699 	 -2.33264077
0.84709028 	 -2.32671981
0.85037358 	 -2.32071172
0.85365688 	 -2.31462037
0.85694017 	 -2.30844939
0.86022347 	 -2.30220223
0.86350676 	 -2.29588216
0.86679006 	 -2.28949226
0.87007335 	 -2.28303545
0.87335665 	 -2.27651450
0.87663995 	 -2.26993203
0.87992324 	 -2.26329056
0.88320654 	 -2.25659244
0.88648983 	 -2.24983996
0.88977313 	 -2.24303526
0.89305642 	 -2.23618043
0.89633972 	 -2.22927743
0.89962302 	 -2.22232818
0.90290631 	 -2.21533450
0.90618961 	 -2.20829816
0.90947290 	 -2.20122085
0.91275620 	 -2.19410423
0.91603949 	 -2.18694990
0.91932279 	 -2.17975941
0.92260609 	 -2.17253428
0.92588938 	 -2.16527599
0.92917268 	 -2.15798599
0.93245597 	 -2.15066570
0.93573927 	 -2.14331653
0.93902256 	 -2.13593986
0.94230586 	 -2.12853705
0.94558915 	 -2.12110945
0.94887245 	 -2.11365841
0.95215575 	 -2.10618525
0.95543904 	 -2.09869130
0.95872234 	 -2.09117788
0.96200563 	 -2.08364632
0.96528893 	 -2.07609793
0.96857222 	 -2.06853403
0.97185552 	 -2.06095597
0.97513882 	 -2.05336506
0.97842211 	 -2.04576265
0.98170541 	 -2.03815008
0.98498870 	 -2.03052872
0.98827200 	 -2.02289993
0.99155529 	 -2.01526509
0.99483859 	 -2.00762559
0.99812189 	 -1.99998285
1.00140518 	 -1.99233827
1.00468848 	 -1.98469330
1.00797177 	 -1.97704939
1.01125507 	 -1.96940799
1.01453836 	 -1.96177060
1.01782166 	 -1.95413872
1.02110496 	 -1.94651386
1.02438825 	 -1.93889756
1.02767155 	 -1.93129137
1.03095484 	 -1.92369686
1.03423814 	 -1.91611563
1.03752143 	 -1.90854927
1.04080473 	 -1.90099941
1.04408803 	 -1.89346770
1.04737132 	 -1.88595580
1.05065462 	 -1.87846539
1.05393791 	 -1.87099817
1.05722121 	 -1.86355584
1.06050450 	 -1.85614014
1.06378780 	 -1.84875283
1.06707109 	 -1.84139565
1.07035439 	 -1.83407041
1.07363769 	 -1.82677888
1.07692098 	 -1.81952289
1.08020428 	 -1.81230426
1.08348757 	 -1.80512483
1.08677087 	 -1.79798645
1.09005416 	 -1.79089099
1.09333746 	 -1.78384033
1.09662076 	 -1.77683635
1.09990405 	 -1.76988096
1.10318735 	 -1.76297607
1.10647064 	 -1.75612358
1.10975394 	 -1.74932544
1.11303723 	 -1.74258357
1.11632053 	 -1.73589990
1.11960383 	 -1.72927639
1.12288712 	 -1.72271498
1.12617042 	 -1.71621762
1.12945371 	 -1.70978625
1.13273701 	 -1.70342284
1.13602030 	 -1.69712933
1.13930360 	 -1.69090767
1.14258690 	 -1.68475980
1.14587019 	 -1.67868767
1.14915349 	 -1.67269321
1.15243678 	 -1.66677835
1.15572008 	 -1.66094501
1.15900337 	 -1.65519508
1.16228667 	 -1.64953048
1.16556997 	 -1.64395308
1.16885326 	 -1.63846475
1.17213656 	 -1.63306734
1.17541985 	 -1.62776269
1.17870315 	 -1.62255262
1.18198644 	 -1.61743891
1.18526974 	 -1.61242333
1.18855304 	 -1.60750764
1.19183633 	 -1.60269355
1.19511963 	 -1.59798276
1.19840292 	 -1.59337693
1.20168622 	 -1.58887769
1.20496951 	 -1.58448665
1.20825281 	 -1.58020537
1.21153610 	 -1.57603539
1.21481940 	 -1.57197818
1.21810270 	 -1.56803522
1.22138599 	 -1.56420791
1.22466929 	 -1.56049762
1.22795258 	 -1.55690567
1.23123588 	 -1.55343336
1.23451917 	 -1.55008191
1.23780247 	 -1.54685250
1.24108577 	 -1.54374629
1.24436906 	 -1.54076434
1.24765236 	 -1.53790769
1.25093565 	 -1.53517732
1.25421895 	 -1.53257414
1.25750224 	 -1.53009904
1.26078554 	 -1.52775281
1.26406884 	 -1.52553619
1.26735213 	 -1.52344990
1.27063543 	 -1.52149454
1.27391872 	 -1.51967069
1.27720202 	 -1.51797885
1.28048531 	 -1.51641947
1.28376861 	 -1.51499292
1.28705191 	 -1.51369952
1.29033520 	 -1.51253951
1.29361850 	 -1.51151308
1.29690179 	 -1.51062034
1.30018509 	 -1.50986136
1.30346838 	 -1.50923611
1.30675168 	 -1.50874451
1.31003498 	 -1.50838642
1.31331827 	 -1.50816162
1.31660157 	 -1.50806985
1.31988486 	 -1.50811075
