TMD:	 WS2 

band  1
-0.66676990 	 -1.07367683
-0.66348658 	 -1.07336308
-0.66020327 	 -1.07320765
-0.65691996 	 -1.07321019
-0.65363664 	 -1.07337026
-0.65035333 	 -1.07368735
-0.64707001 	 -1.07416083
-0.64378670 	 -1.07479004
-0.64050339 	 -1.07557418
-0.63722007 	 -1.07651240
-0.63393676 	 -1.07760378
-0.63065345 	 -1.07884728
-0.62737013 	 -1.08024182
-0.62408682 	 -1.08178623
-0.62080350 	 -1.08347927
-0.61752019 	 -1.08531962
-0.61423688 	 -1.08730590
-0.61095356 	 -1.08943665
-0.60767025 	 -1.09171036
-0.60438694 	 -1.09412544
-0.60110362 	 -1.09668026
-0.59782031 	 -1.09937310
-0.59453699 	 -1.10220222
-0.59125368 	 -1.10516579
-0.58797037 	 -1.10826196
-0.58468705 	 -1.11148881
-0.58140374 	 -1.11484439
-0.57812043 	 -1.11832668
-0.57483711 	 -1.12193364
-0.57155380 	 -1.12566318
-0.56827049 	 -1.12951320
-0.56498717 	 -1.13348152
-0.56170386 	 -1.13756596
-0.55842054 	 -1.14176431
-0.55513723 	 -1.14607433
-0.55185392 	 -1.15049373
-0.54857060 	 -1.15502024
-0.54528729 	 -1.15965155
-0.54200398 	 -1.16438533
-0.53872066 	 -1.16921924
-0.53543735 	 -1.17415092
-0.53215403 	 -1.17917801
-0.52887072 	 -1.18429814
-0.52558741 	 -1.18950892
-0.52230409 	 -1.19480797
-0.51902078 	 -1.20019291
-0.51573747 	 -1.20566135
-0.51245415 	 -1.21121089
-0.50917084 	 -1.21683917
-0.50588752 	 -1.22254379
-0.50260421 	 -1.22832239
-0.49932090 	 -1.23417260
-0.49603758 	 -1.24009207
-0.49275427 	 -1.24607845
-0.48947096 	 -1.25212942
-0.48618764 	 -1.25824266
-0.48290433 	 -1.26441586
-0.47962101 	 -1.27064675
-0.47633770 	 -1.27693305
-0.47305439 	 -1.28327252
-0.46977107 	 -1.28966292
-0.46648776 	 -1.29610207
-0.46320445 	 -1.30258776
-0.45992113 	 -1.30911785
-0.45663782 	 -1.31569019
-0.45335451 	 -1.32230267
-0.45007119 	 -1.32895321
-0.44678788 	 -1.33563976
-0.44350456 	 -1.34236027
-0.44022125 	 -1.34911276
-0.43693794 	 -1.35589525
-0.43365462 	 -1.36270579
-0.43037131 	 -1.36954247
-0.42708800 	 -1.37640342
-0.42380468 	 -1.38328679
-0.42052137 	 -1.39019075
-0.41723805 	 -1.39711353
-0.41395474 	 -1.40405337
-0.41067143 	 -1.41100856
-0.40738811 	 -1.41797742
-0.40410480 	 -1.42495830
-0.40082149 	 -1.43194958
-0.39753817 	 -1.43894970
-0.39425486 	 -1.44595710
-0.39097154 	 -1.45297029
-0.38768823 	 -1.45998780
-0.38440492 	 -1.46700819
-0.38112160 	 -1.47403008
-0.37783829 	 -1.48105210
-0.37455498 	 -1.48807293
-0.37127166 	 -1.49509131
-0.36798835 	 -1.50210598
-0.36470504 	 -1.50911574
-0.36142172 	 -1.51611942
-0.35813841 	 -1.52311590
-0.35485509 	 -1.53010410
-0.35157178 	 -1.53708296
-0.34828847 	 -1.54405147
-0.34500515 	 -1.55100868
-0.34172184 	 -1.55795364
-0.33843853 	 -1.56488548
-0.33515521 	 -1.57180334
-0.33187190 	 -1.57870642
-0.32858858 	 -1.58559394
-0.32530527 	 -1.59246519
-0.32202196 	 -1.59931948
-0.31873864 	 -1.60615616
-0.31545533 	 -1.61297462
-0.31217202 	 -1.61977432
-0.30888870 	 -1.62655472
-0.30560539 	 -1.63331535
-0.30232207 	 -1.64005577
-0.29903876 	 -1.64677559
-0.29575545 	 -1.65347445
-0.29247213 	 -1.66015204
-0.28918882 	 -1.66680808
-0.28590551 	 -1.67344236
-0.28262219 	 -1.68005469
-0.27933888 	 -1.68664492
-0.27605557 	 -1.69321296
-0.27277225 	 -1.69975875
-0.26948894 	 -1.70628227
-0.26620562 	 -1.71278355
-0.26292231 	 -1.71926266
-0.25963900 	 -1.72571972
-0.25635568 	 -1.73215488
-0.25307237 	 -1.73856835
-0.24978906 	 -1.74496036
-0.24650574 	 -1.75133120
-0.24322243 	 -1.75768119
-0.23993911 	 -1.76401072
-0.23665580 	 -1.77032020
-0.23337249 	 -1.77661008
-0.23008917 	 -1.78288087
-0.22680586 	 -1.78913310
-0.22352255 	 -1.79536738
-0.22023923 	 -1.80158431
-0.21695592 	 -1.80778459
-0.21367260 	 -1.81396891
-0.21038929 	 -1.82013805
-0.20710598 	 -1.82629279
-0.20382266 	 -1.83243398
-0.20053935 	 -1.83856251
-0.19725604 	 -1.84467928
-0.19397272 	 -1.85078528
-0.19068941 	 -1.85688151
-0.18740610 	 -1.86296900
-0.18412278 	 -1.86904885
-0.18083947 	 -1.87512219
-0.17755615 	 -1.88119017
-0.17427284 	 -1.88725401
-0.17098953 	 -1.89331493
-0.16770621 	 -1.89937422
-0.16442290 	 -1.90543319
-0.16113959 	 -1.91149319
-0.15785627 	 -1.91755560
-0.15457296 	 -1.92362185
-0.15128964 	 -1.92969338
-0.14800633 	 -1.93577167
-0.14472302 	 -1.94185825
-0.14143970 	 -1.94795464
-0.13815639 	 -1.95406244
-0.13487308 	 -1.96018322
-0.13158976 	 -1.96631863
-0.12830645 	 -1.97247030
-0.12502313 	 -1.97863991
-0.12173982 	 -1.98482915
-0.11845651 	 -1.99103974
-0.11517319 	 -1.99727340
-0.11188988 	 -2.00353187
-0.10860657 	 -2.00981692
-0.10532325 	 -2.01613031
-0.10203994 	 -2.02247381
-0.09875663 	 -2.02884922
-0.09547331 	 -2.03525830
-0.09219000 	 -2.04170286
-0.08890668 	 -2.04818466
-0.08562337 	 -2.05470547
-0.08234006 	 -2.06126707
-0.07905674 	 -2.06787119
-0.07577343 	 -2.07451955
-0.07249012 	 -2.08121385
-0.06920680 	 -2.08795577
-0.06592349 	 -2.09474691
-0.06264017 	 -2.10158885
-0.05935686 	 -2.10848313
-0.05607355 	 -2.11543118
-0.05279023 	 -2.12243440
-0.04950692 	 -2.12949404
-0.04622361 	 -2.13661129
-0.04294029 	 -2.14378719
-0.03965698 	 -2.15102262
-0.03637366 	 -2.15831829
-0.03309035 	 -2.16567467
-0.02980704 	 -2.17309198
-0.02652372 	 -2.18057013
0.02600930 	 -2.18174728
0.02929261 	 -2.17425964
0.03257592 	 -2.16683278
0.03585924 	 -2.15946686
0.03914255 	 -2.15216171
0.04242586 	 -2.14491688
0.04570918 	 -2.13773171
0.04899249 	 -2.13060533
0.05227581 	 -2.12353674
0.05555912 	 -2.11652477
0.05884243 	 -2.10956816
0.06212575 	 -2.10266555
0.06540906 	 -2.09581550
0.06869237 	 -2.08901650
0.07197569 	 -2.08226699
0.07525900 	 -2.07556533
0.07854232 	 -2.06890988
0.08182563 	 -2.06229895
0.08510894 	 -2.05573080
0.08839226 	 -2.04920371
0.09167557 	 -2.04271592
0.09495888 	 -2.03626564
0.09824220 	 -2.02985112
0.10152551 	 -2.02347055
0.10480882 	 -2.01712217
0.10809214 	 -2.01080418
0.11137545 	 -2.00451481
0.11465877 	 -1.99825229
0.11794208 	 -1.99201486
0.12122539 	 -1.98580077
0.12450871 	 -1.97960830
0.12779202 	 -1.97343572
0.13107533 	 -1.96728135
0.13435865 	 -1.96114351
0.13764196 	 -1.95502054
0.14092528 	 -1.94891082
0.14420859 	 -1.94281274
0.14749190 	 -1.93672473
0.15077522 	 -1.93064524
0.15405853 	 -1.92457275
0.15734184 	 -1.91850577
0.16062516 	 -1.91244285
0.16390847 	 -1.90638256
0.16719179 	 -1.90032352
0.17047510 	 -1.89426437
0.17375841 	 -1.88820379
0.17704173 	 -1.88214049
0.18032504 	 -1.87607324
0.18360835 	 -1.87000082
0.18689167 	 -1.86392207
0.19017498 	 -1.85783584
0.19345829 	 -1.85174105
0.19674161 	 -1.84563665
0.20002492 	 -1.83952163
0.20330824 	 -1.83339501
0.20659155 	 -1.82725586
0.20987486 	 -1.82110330
0.21315818 	 -1.81493647
0.21644149 	 -1.80875458
0.21972480 	 -1.80255685
0.22300812 	 -1.79634257
0.22629143 	 -1.79011106
0.22957475 	 -1.78386168
0.23285806 	 -1.77759383
0.23614137 	 -1.77130698
0.23942469 	 -1.76500060
0.24270800 	 -1.75867424
0.24599131 	 -1.75232748
0.24927463 	 -1.74595993
0.25255794 	 -1.73957125
0.25584126 	 -1.73316117
0.25912457 	 -1.72672942
0.26240788 	 -1.72027581
0.26569120 	 -1.71380016
0.26897451 	 -1.70730235
0.27225782 	 -1.70078232
0.27554114 	 -1.69424002
0.27882445 	 -1.68767547
0.28210776 	 -1.68108871
0.28539108 	 -1.67447983
0.28867439 	 -1.66784898
0.29195771 	 -1.66119633
0.29524102 	 -1.65452210
0.29852433 	 -1.64782656
0.30180765 	 -1.64111000
0.30509096 	 -1.63437278
0.30837427 	 -1.62761529
0.31165759 	 -1.62083796
0.31494090 	 -1.61404125
0.31822422 	 -1.60722569
0.32150753 	 -1.60039182
0.32479084 	 -1.59354026
0.32807416 	 -1.58667162
0.33135747 	 -1.57978660
0.33464078 	 -1.57288591
0.33792410 	 -1.56597031
0.34120741 	 -1.55904061
0.34449073 	 -1.55209764
0.34777404 	 -1.54514230
0.35105735 	 -1.53817549
0.35434067 	 -1.53119818
0.35762398 	 -1.52421138
0.36090729 	 -1.51721613
0.36419061 	 -1.51021350
0.36747392 	 -1.50320462
0.37075723 	 -1.49619064
0.37404055 	 -1.48917276
0.37732386 	 -1.48215223
0.38060718 	 -1.47513031
0.38389049 	 -1.46810831
0.38717380 	 -1.46108760
0.39045712 	 -1.45406954
0.39374043 	 -1.44705558
0.39702374 	 -1.44004717
0.40030706 	 -1.43304582
0.40359037 	 -1.42605304
0.40687369 	 -1.41907043
0.41015700 	 -1.41209958
0.41344031 	 -1.40514214
0.41672363 	 -1.39819978
0.42000694 	 -1.39127421
0.42329025 	 -1.38436718
0.42657357 	 -1.37748047
0.42985688 	 -1.37061589
0.43314020 	 -1.36377528
0.43642351 	 -1.35696051
0.43970682 	 -1.35017350
0.44299014 	 -1.34341619
0.44627345 	 -1.33669053
0.44955676 	 -1.32999853
0.45284008 	 -1.32334221
0.45612339 	 -1.31672363
0.45940670 	 -1.31014486
0.46269002 	 -1.30360801
0.46597333 	 -1.29711522
0.46925665 	 -1.29066864
0.47253996 	 -1.28427045
0.47582327 	 -1.27792286
0.47910659 	 -1.27162808
0.48238990 	 -1.26538836
0.48567321 	 -1.25920597
0.48895653 	 -1.25308318
0.49223984 	 -1.24702230
0.49552316 	 -1.24102565
0.49880647 	 -1.23509554
0.50208978 	 -1.22923432
0.50537310 	 -1.22344435
0.50865641 	 -1.21772798
0.51193972 	 -1.21208759
0.51522304 	 -1.20652555
0.51850635 	 -1.20104425
0.52178967 	 -1.19564607
0.52507298 	 -1.19033340
0.52835629 	 -1.18510863
0.53163961 	 -1.17997414
0.53492292 	 -1.17493232
0.53820623 	 -1.16998553
0.54148955 	 -1.16513615
0.54477286 	 -1.16038653
0.54805617 	 -1.15573901
0.55133949 	 -1.15119593
0.55462280 	 -1.14675959
0.55790612 	 -1.14243228
0.56118943 	 -1.13821629
0.56447274 	 -1.13411385
0.56775606 	 -1.13012719
0.57103937 	 -1.12625850
0.57432268 	 -1.12250993
0.57760600 	 -1.11888363
0.58088931 	 -1.11538167
0.58417263 	 -1.11200611
0.58745594 	 -1.10875896
0.59073925 	 -1.10564219
0.59402257 	 -1.10265771
0.59730588 	 -1.09980741
0.60058919 	 -1.09709310
0.60387251 	 -1.09451654
0.60715582 	 -1.09207945
0.61043914 	 -1.08978349
0.61372245 	 -1.08763024
0.61700576 	 -1.08562123
0.62028908 	 -1.08375792
0.62357239 	 -1.08204171
0.62685570 	 -1.08047393
0.63013902 	 -1.07905583
0.63342233 	 -1.07778858
0.63670565 	 -1.07667331
0.63998896 	 -1.07571102
0.64327227 	 -1.07490268
0.64655559 	 -1.07424915
0.64983890 	 -1.07375122
0.65312221 	 -1.07340958
0.65640553 	 -1.07322488
0.65968884 	 -1.07319762
0.66297215 	 -1.07332828
band  2
-0.66676990 	 -1.50847736
-0.66348658 	 -1.50821360
-0.66020327 	 -1.50808295
-0.65691996 	 -1.50808508
-0.65363664 	 -1.50821961
-0.65035333 	 -1.50848608
-0.64707001 	 -1.50888398
-0.64378670 	 -1.50941272
-0.64050339 	 -1.51007165
-0.63722007 	 -1.51086008
-0.63393676 	 -1.51177724
-0.63065345 	 -1.51282229
-0.62737013 	 -1.51399436
-0.62408682 	 -1.51529249
-0.62080350 	 -1.51671568
-0.61752019 	 -1.51826287
-0.61423688 	 -1.51993296
-0.61095356 	 -1.52172477
-0.60767025 	 -1.52363708
-0.60438694 	 -1.52566863
-0.60110362 	 -1.52781809
-0.59782031 	 -1.53008411
-0.59453699 	 -1.53246526
-0.59125368 	 -1.53496009
-0.58797037 	 -1.53756710
-0.58468705 	 -1.54028475
-0.58140374 	 -1.54311146
-0.57812043 	 -1.54604560
-0.57483711 	 -1.54908553
-0.57155380 	 -1.55222955
-0.56827049 	 -1.55547595
-0.56498717 	 -1.55882295
-0.56170386 	 -1.56226879
-0.55842054 	 -1.56581165
-0.55513723 	 -1.56944970
-0.55185392 	 -1.57318107
-0.54857060 	 -1.57700387
-0.54528729 	 -1.58091622
-0.54200398 	 -1.58491617
-0.53872066 	 -1.58900179
-0.53543735 	 -1.59317113
-0.53215403 	 -1.59742221
-0.52887072 	 -1.60175305
-0.52558741 	 -1.60616166
-0.52230409 	 -1.61064603
-0.51902078 	 -1.61520415
-0.51573747 	 -1.61983401
-0.51245415 	 -1.62453358
-0.50917084 	 -1.62930083
-0.50588752 	 -1.63413375
-0.50260421 	 -1.63903030
-0.49932090 	 -1.64398846
-0.49603758 	 -1.64900621
-0.49275427 	 -1.65408152
-0.48947096 	 -1.65921237
-0.48618764 	 -1.66439677
-0.48290433 	 -1.66963271
-0.47962101 	 -1.67491820
-0.47633770 	 -1.68025125
-0.47305439 	 -1.68562989
-0.46977107 	 -1.69105216
-0.46648776 	 -1.69651611
-0.46320445 	 -1.70201982
-0.45992113 	 -1.70756136
-0.45663782 	 -1.71313883
-0.45335451 	 -1.71875035
-0.45007119 	 -1.72439404
-0.44678788 	 -1.73006807
-0.44350456 	 -1.73577059
-0.44022125 	 -1.74149980
-0.43693794 	 -1.74725391
-0.43365462 	 -1.75303116
-0.43037131 	 -1.75882979
-0.42708800 	 -1.76464810
-0.42380468 	 -1.77048437
-0.42052137 	 -1.77633694
-0.41723805 	 -1.78220416
-0.41395474 	 -1.78808441
-0.41067143 	 -1.79397608
-0.40738811 	 -1.79987761
-0.40410480 	 -1.80578745
-0.40082149 	 -1.81170410
-0.39753817 	 -1.81762605
-0.39425486 	 -1.82355185
-0.39097154 	 -1.82948008
-0.38768823 	 -1.83540932
-0.38440492 	 -1.84133821
-0.38112160 	 -1.84726540
-0.37783829 	 -1.85318959
-0.37455498 	 -1.85910949
-0.37127166 	 -1.86502384
-0.36798835 	 -1.87093144
-0.36470504 	 -1.87683110
-0.36142172 	 -1.88272165
-0.35813841 	 -1.88860198
-0.35485509 	 -1.89447098
-0.35157178 	 -1.90032761
-0.34828847 	 -1.90617084
-0.34500515 	 -1.91199966
-0.34172184 	 -1.91781312
-0.33843853 	 -1.92361029
-0.33515521 	 -1.92939028
-0.33187190 	 -1.93515221
-0.32858858 	 -1.94089527
-0.32530527 	 -1.94661865
-0.32202196 	 -1.95232160
-0.31873864 	 -1.95800339
-0.31545533 	 -1.96366331
-0.31217202 	 -1.96930072
-0.30888870 	 -1.97491499
-0.30560539 	 -1.98050551
-0.30232207 	 -1.98607174
-0.29903876 	 -1.99161315
-0.29575545 	 -1.99712924
-0.29247213 	 -2.00261956
-0.28918882 	 -2.00808369
-0.28590551 	 -2.01352124
-0.28262219 	 -2.01893185
-0.27933888 	 -2.02431520
-0.27605557 	 -2.02967101
-0.27277225 	 -2.03499901
-0.26948894 	 -2.04029900
-0.26620562 	 -2.04557079
-0.26292231 	 -2.05081421
-0.25963900 	 -2.05602917
-0.25635568 	 -2.06121556
-0.25307237 	 -2.06637333
-0.24978906 	 -2.07150248
-0.24650574 	 -2.07660301
-0.24322243 	 -2.08167496
-0.23993911 	 -2.08671843
-0.23665580 	 -2.09173352
-0.23337249 	 -2.09672037
-0.23008917 	 -2.10167917
-0.22680586 	 -2.10661011
-0.22352255 	 -2.11151345
-0.22023923 	 -2.11638944
-0.21695592 	 -2.12123840
-0.21367260 	 -2.12606065
-0.21038929 	 -2.13085656
-0.20710598 	 -2.13562651
-0.20382266 	 -2.14037093
-0.20053935 	 -2.14509025
-0.19725604 	 -2.14978497
-0.19397272 	 -2.15445557
-0.19068941 	 -2.15910258
-0.18740610 	 -2.16372656
-0.18412278 	 -2.16832807
-0.18083947 	 -2.17290772
-0.17755615 	 -2.17746611
-0.17427284 	 -2.18200389
-0.17098953 	 -2.18652169
-0.16770621 	 -2.19102019
-0.16442290 	 -2.19550006
-0.16113959 	 -2.19996197
-0.15785627 	 -2.20440662
-0.15457296 	 -2.20883469
-0.15128964 	 -2.21324685
-0.14800633 	 -2.21764378
-0.14472302 	 -2.22202611
-0.14143970 	 -2.22639447
-0.13815639 	 -2.23074944
-0.13487308 	 -2.23509154
-0.13158976 	 -2.23942124
-0.12830645 	 -2.24373890
-0.12502313 	 -2.24804481
-0.12173982 	 -2.25233909
-0.11845651 	 -2.25662170
-0.11517319 	 -2.26089240
-0.11188988 	 -2.26515068
-0.10860657 	 -2.26939567
-0.10532325 	 -2.27362611
-0.10203994 	 -2.27784019
-0.09875663 	 -2.28203540
-0.09547331 	 -2.28620838
-0.09219000 	 -2.29035460
-0.08890668 	 -2.29446805
-0.08562337 	 -2.29854074
-0.08234006 	 -2.30256206
-0.07905674 	 -2.30651780
-0.07577343 	 -2.31038891
-0.07249012 	 -2.31414956
-0.06920680 	 -2.31776450
-0.06592349 	 -2.32118521
-0.06264017 	 -2.32434457
-0.05935686 	 -2.32714971
-0.05607355 	 -2.32947362
-0.05279023 	 -2.33114816
-0.04950692 	 -2.33196583
-0.04622361 	 -2.33170317
-0.04294029 	 -2.33017557
-0.03965698 	 -2.32730784
-0.03637366 	 -2.32317137
-0.03309035 	 -2.31795426
-0.02980704 	 -2.31189097
-0.02652372 	 -2.30520291
0.02600930 	 -2.30411084
0.02929261 	 -2.31087922
0.03257592 	 -2.31705416
0.03585924 	 -2.32241955
0.03914255 	 -2.32673982
0.04242586 	 -2.32981471
0.04570918 	 -2.33155092
0.04899249 	 -2.33200157
0.05227581 	 -2.33133859
0.05555912 	 -2.32978376
0.05884243 	 -2.32754939
0.06212575 	 -2.32481027
0.06540906 	 -2.32169950
0.06869237 	 -2.31831474
0.07197569 	 -2.31472663
0.07525900 	 -2.31098620
0.07854232 	 -2.30713049
0.08182563 	 -2.30318659
0.08510894 	 -2.29917451
0.08839226 	 -2.29510908
0.09167557 	 -2.29100143
0.09495888 	 -2.28685991
0.09824220 	 -2.28269079
0.10152551 	 -2.27849881
0.10480882 	 -2.27428751
0.10809214 	 -2.27005950
0.11137545 	 -2.26581668
0.11465877 	 -2.26156043
0.11794208 	 -2.25729163
0.12122539 	 -2.25301086
0.12450871 	 -2.24871840
0.12779202 	 -2.24441432
0.13107533 	 -2.24009851
0.13435865 	 -2.23577072
0.13764196 	 -2.23143060
0.14092528 	 -2.22707768
0.14420859 	 -2.22271145
0.14749190 	 -2.21833135
0.15077522 	 -2.21393675
0.15405853 	 -2.20952702
0.15734184 	 -2.20510149
0.16062516 	 -2.20065948
0.16390847 	 -2.19620032
0.16719179 	 -2.19172331
0.17047510 	 -2.18722777
0.17375841 	 -2.18271304
0.17704173 	 -2.17817843
0.18032504 	 -2.17362331
0.18360835 	 -2.16904704
0.18689167 	 -2.16444899
0.19017498 	 -2.15982857
0.19345829 	 -2.15518520
0.19674161 	 -2.15051834
0.20002492 	 -2.14582743
0.20330824 	 -2.14111199
0.20659155 	 -2.13637154
0.20987486 	 -2.13160562
0.21315818 	 -2.12681380
0.21644149 	 -2.12199570
0.21972480 	 -2.11715095
0.22300812 	 -2.11227921
0.22629143 	 -2.10738018
0.22957475 	 -2.10245358
0.23285806 	 -2.09749916
0.23614137 	 -2.09251672
0.23942469 	 -2.08750606
0.24270800 	 -2.08246705
0.24599131 	 -2.07739956
0.24927463 	 -2.07230352
0.25255794 	 -2.06717886
0.25584126 	 -2.06202556
0.25912457 	 -2.05684365
0.26240788 	 -2.05163317
0.26569120 	 -2.04639420
0.26897451 	 -2.04112685
0.27225782 	 -2.03583127
0.27554114 	 -2.03050764
0.27882445 	 -2.02515617
0.28210776 	 -2.01977712
0.28539108 	 -2.01437076
0.28867439 	 -2.00893741
0.29195771 	 -2.00347742
0.29524102 	 -1.99799117
0.29852433 	 -1.99247909
0.30180765 	 -1.98694162
0.30509096 	 -1.98137924
0.30837427 	 -1.97579249
0.31165759 	 -1.97018191
0.31494090 	 -1.96454808
0.31822422 	 -1.95889164
0.32150753 	 -1.95321324
0.32479084 	 -1.94751356
0.32807416 	 -1.94179332
0.33135747 	 -1.93605330
0.33464078 	 -1.93029427
0.33792410 	 -1.92451705
0.34120741 	 -1.91872252
0.34449073 	 -1.91291155
0.34777404 	 -1.90708507
0.35105735 	 -1.90124404
0.35434067 	 -1.89538944
0.35762398 	 -1.88952230
0.36090729 	 -1.88364368
0.36419061 	 -1.87775466
0.36747392 	 -1.87185635
0.37075723 	 -1.86594992
0.37404055 	 -1.86003654
0.37732386 	 -1.85411743
0.38060718 	 -1.84819383
0.38389049 	 -1.84226702
0.38717380 	 -1.83633831
0.39045712 	 -1.83040904
0.39374043 	 -1.82448056
0.39702374 	 -1.81855428
0.40030706 	 -1.81263163
0.40359037 	 -1.80671406
0.40687369 	 -1.80080305
0.41015700 	 -1.79490012
0.41344031 	 -1.78900680
0.41672363 	 -1.78312466
0.42000694 	 -1.77725529
0.42329025 	 -1.77140032
0.42657357 	 -1.76556138
0.42985688 	 -1.75974015
0.43314020 	 -1.75393832
0.43642351 	 -1.74815760
0.43970682 	 -1.74239975
0.44299014 	 -1.73666652
0.44627345 	 -1.73095970
0.44955676 	 -1.72528109
0.45284008 	 -1.71963252
0.45612339 	 -1.71401584
0.45940670 	 -1.70843291
0.46269002 	 -1.70288562
0.46597333 	 -1.69737585
0.46925665 	 -1.69190554
0.47253996 	 -1.68647661
0.47582327 	 -1.68109101
0.47910659 	 -1.67575068
0.48238990 	 -1.67045762
0.48567321 	 -1.66521378
0.48895653 	 -1.66002118
0.49223984 	 -1.65488180
0.49552316 	 -1.64979765
0.49880647 	 -1.64477076
0.50208978 	 -1.63980313
0.50537310 	 -1.63489679
0.50865641 	 -1.63005377
0.51193972 	 -1.62527609
0.51522304 	 -1.62056578
0.51850635 	 -1.61592487
0.52178967 	 -1.61135537
0.52507298 	 -1.60685932
0.52835629 	 -1.60243871
0.53163961 	 -1.59809555
0.53492292 	 -1.59383184
0.53820623 	 -1.58964956
0.54148955 	 -1.58555069
0.54477286 	 -1.58153719
0.54805617 	 -1.57761099
0.55133949 	 -1.57377403
0.55462280 	 -1.57002821
0.55790612 	 -1.56637542
0.56118943 	 -1.56281752
0.56447274 	 -1.55935636
0.56775606 	 -1.55599375
0.57103937 	 -1.55273148
0.57432268 	 -1.54957130
0.57760600 	 -1.54651495
0.58088931 	 -1.54356412
0.58417263 	 -1.54072047
0.58745594 	 -1.53798563
0.59073925 	 -1.53536118
0.59402257 	 -1.53284867
0.59730588 	 -1.53044961
0.60058919 	 -1.52816547
0.60387251 	 -1.52599765
0.60715582 	 -1.52394754
0.61043914 	 -1.52201646
0.61372245 	 -1.52020569
0.61700576 	 -1.51851645
0.62028908 	 -1.51694993
0.62357239 	 -1.51550724
0.62685570 	 -1.51418944
0.63013902 	 -1.51299756
0.63342233 	 -1.51193255
0.63670565 	 -1.51099530
0.63998896 	 -1.51018665
0.64327227 	 -1.50950737
0.64655559 	 -1.50895819
0.64983890 	 -1.50853975
0.65312221 	 -1.50825266
0.65640553 	 -1.50809742
0.65968884 	 -1.50807452
0.66297215 	 -1.50818435
