TMD:	 WSe2 

band  1
-1.26078554 	 -0.44171153
-1.25750224 	 -0.44149717
-1.25421895 	 -0.44100876
-1.25093565 	 -0.44025103
-1.24765236 	 -0.43922992
-1.24436906 	 -0.43795243
-1.24108577 	 -0.43642654
-1.23780247 	 -0.43578432
-1.23451917 	 -0.43941870
-1.23123588 	 -0.44340045
-1.22795258 	 -0.44770094
-1.22466929 	 -0.45229286
-1.22138599 	 -0.45715044
-1.21810270 	 -0.46224964
-1.21481940 	 -0.46756822
-1.21153610 	 -0.47308572
-1.20825281 	 -0.47878345
-1.20496951 	 -0.48464438
-1.20168622 	 -0.49065302
-1.19840292 	 -0.49679533
-1.19511963 	 -0.50305860
-1.19183633 	 -0.50943130
-1.18855304 	 -0.51590300
-1.18526974 	 -0.52246424
-1.18198644 	 -0.52910645
-1.17870315 	 -0.53582184
-1.17541985 	 -0.54260332
-1.17213656 	 -0.54944445
-1.16885326 	 -0.55633935
-1.16556997 	 -0.56328262
-1.16228667 	 -0.57026935
-1.15900337 	 -0.57729500
-1.15572008 	 -0.58435540
-1.15243678 	 -0.59144671
-1.14915349 	 -0.59856538
-1.14587019 	 -0.60570811
-1.14258690 	 -0.61287185
-1.13930360 	 -0.62005375
-1.13602030 	 -0.62725114
-1.13273701 	 -0.63446154
-1.12945371 	 -0.64168262
-1.12617042 	 -0.64891217
-1.12288712 	 -0.65614814
-1.11960383 	 -0.66338857
-1.11632053 	 -0.67063161
-1.11303723 	 -0.67787551
-1.10975394 	 -0.68511862
-1.10647064 	 -0.69235933
-1.10318735 	 -0.69959614
-1.09990405 	 -0.70682760
-1.09662076 	 -0.71405232
-1.09333746 	 -0.72126898
-1.09005416 	 -0.72847630
-1.08677087 	 -0.73567305
-1.08348757 	 -0.74285804
-1.08020428 	 -0.75003014
-1.07692098 	 -0.75718822
-1.07363769 	 -0.76433124
-1.07035439 	 -0.77145814
-1.06707109 	 -0.77856792
-1.06378780 	 -0.78565961
-1.06050450 	 -0.79273225
-1.05722121 	 -0.79978492
-1.05393791 	 -0.80681673
-1.05065462 	 -0.81382680
-1.04737132 	 -0.82081427
-1.04408803 	 -0.82777832
-1.04080473 	 -0.83471812
-1.03752143 	 -0.84163288
-1.03423814 	 -0.84852183
-1.03095484 	 -0.85538421
-1.02767155 	 -0.86221928
-1.02438825 	 -0.86902631
-1.02110496 	 -0.87580460
-1.01782166 	 -0.88255344
-1.01453836 	 -0.88927217
-1.01125507 	 -0.89596012
-1.00797177 	 -0.90261663
-1.00468848 	 -0.90924108
-1.00140518 	 -0.91583283
-0.99812189 	 -0.92239128
-0.99483859 	 -0.92891584
-0.99155529 	 -0.93540593
-0.98827200 	 -0.94186096
-0.98498870 	 -0.94828039
-0.98170541 	 -0.95466368
-0.97842211 	 -0.96101028
-0.97513882 	 -0.96731969
-0.97185552 	 -0.97359138
-0.96857222 	 -0.97982488
-0.96528893 	 -0.98601969
-0.96200563 	 -0.99217534
-0.95872234 	 -0.99829137
-0.95543904 	 -1.00436734
-0.95215575 	 -1.01040281
-0.94887245 	 -1.01639736
-0.94558915 	 -1.02235057
-0.94230586 	 -1.02826203
-0.93902256 	 -1.03413137
-0.93573927 	 -1.03995820
-0.93245597 	 -1.04574215
-0.92917268 	 -1.05148287
-0.92588938 	 -1.05718001
-0.92260609 	 -1.06283324
-0.91932279 	 -1.06844222
-0.91603949 	 -1.07400666
-0.91275620 	 -1.07952624
-0.90947290 	 -1.08500068
-0.90618961 	 -1.09042968
-0.90290631 	 -1.09581298
-0.89962302 	 -1.10115032
-0.89633972 	 -1.10644143
-0.89305642 	 -1.11168609
-0.88977313 	 -1.11688405
-0.88648983 	 -1.12203509
-0.88320654 	 -1.12713899
-0.87992324 	 -1.13219555
-0.87663995 	 -1.13720456
-0.87335665 	 -1.14216584
-0.87007335 	 -1.14707921
-0.86679006 	 -1.15194448
-0.86350676 	 -1.15676148
-0.86022347 	 -1.16153007
-0.85694017 	 -1.16625008
-0.85365688 	 -1.17092137
-0.85037358 	 -1.17554378
-0.84709028 	 -1.18011720
-0.84380699 	 -1.18464148
-0.84052369 	 -1.18911650
-0.83724040 	 -1.19354215
-0.83395710 	 -1.19791829
-0.83067381 	 -1.20224483
-0.82739051 	 -1.20652164
-0.82410721 	 -1.21074863
-0.82082392 	 -1.21492569
-0.81754062 	 -1.21905272
-0.81425733 	 -1.22312962
-0.81097403 	 -1.22715629
-0.80769074 	 -1.23113263
-0.80440744 	 -1.23505855
-0.80112415 	 -1.23893394
-0.79784085 	 -1.24275872
-0.79455755 	 -1.24653279
-0.79127426 	 -1.25025604
-0.78799096 	 -1.25392837
-0.78470767 	 -1.25754968
-0.78142437 	 -1.26111986
-0.77814108 	 -1.26463880
-0.77485778 	 -1.26810640
-0.77157448 	 -1.27152252
-0.76829119 	 -1.27488705
-0.76500789 	 -1.27819986
-0.76172460 	 -1.28146082
-0.75844130 	 -1.28466978
-0.75515801 	 -1.28782659
-0.75187471 	 -1.29093111
-0.74859141 	 -1.29398316
-0.74530812 	 -1.29698258
-0.74202482 	 -1.29992919
-0.73874153 	 -1.30282279
-0.73545823 	 -1.30566319
-0.73217494 	 -1.30845017
-0.72889164 	 -1.31118351
-0.72560834 	 -1.31386298
-0.72232505 	 -1.31648833
-0.71904175 	 -1.31905930
-0.71575846 	 -1.32157561
-0.71247516 	 -1.32403698
-0.70919187 	 -1.32644310
-0.70590857 	 -1.32879366
-0.70262527 	 -1.33108831
-0.69934198 	 -1.33332672
-0.69605868 	 -1.33550850
-0.69277539 	 -1.33763326
-0.68949209 	 -1.33970061
-0.68620880 	 -1.34171011
-0.68292550 	 -1.34366132
-0.67964221 	 -1.34555376
-0.67635891 	 -1.34738695
-0.67307561 	 -1.34916037
-0.66979232 	 -1.35087349
-0.66650902 	 -1.35252574
-0.66322573 	 -1.35411653
-0.65994243 	 -1.35564527
-0.65665914 	 -1.35711130
-0.65337584 	 -1.35851397
-0.65009254 	 -1.35985258
-0.64680925 	 -1.36112641
-0.64352595 	 -1.36233472
-0.64024266 	 -1.36347672
-0.63695936 	 -1.36455162
-0.63367607 	 -1.36555857
-0.63039277 	 -1.36649672
-0.62710947 	 -1.36736517
-0.62382618 	 -1.36816299
-0.62054288 	 -1.36888923
-0.61725959 	 -1.36954292
-0.61397629 	 -1.37012304
-0.61069300 	 -1.37062856
-0.60740970 	 -1.37105842
-0.60412640 	 -1.37141153
-0.60084311 	 -1.37168679
-0.59755981 	 -1.37188306
-0.59427652 	 -1.37199921
-0.59099322 	 -1.37203406
-0.58770993 	 -1.37198646
-0.58442663 	 -1.37185520
-0.58114333 	 -1.37163910
-0.57786004 	 -1.37133698
-0.57457674 	 -1.37094764
-0.57129345 	 -1.37046990
-0.56801015 	 -1.36990261
-0.56472686 	 -1.36924460
-0.56144356 	 -1.36849477
-0.55816027 	 -1.36765203
-0.55487697 	 -1.36671532
-0.55159367 	 -1.36568363
-0.54831038 	 -1.36455603
-0.54502708 	 -1.36333162
-0.54174379 	 -1.36200957
-0.53846049 	 -1.36058916
-0.53517720 	 -1.35906972
-0.53189390 	 -1.35745070
-0.52861060 	 -1.35573162
-0.52532731 	 -1.35391215
-0.52204401 	 -1.35199206
-0.51876072 	 -1.34997125
-0.51547742 	 -1.34784974
-0.51219413 	 -1.34562772
-0.50891083 	 -1.34330550
-0.50562753 	 -1.34088356
-0.50234424 	 -1.33836254
-0.49906094 	 -1.33574323
-0.49577765 	 -1.33302662
-0.49249435 	 -1.33021382
-0.48921106 	 -1.32730616
-0.48592776 	 -1.32430513
-0.48264446 	 -1.32121237
-0.47936117 	 -1.31802974
-0.47607787 	 -1.31475922
-0.47279458 	 -1.31140300
-0.46951128 	 -1.30796342
-0.46622799 	 -1.30444296
-0.46294469 	 -1.30084429
-0.45966139 	 -1.29717019
-0.45637810 	 -1.29342361
-0.45309480 	 -1.28960761
-0.44981151 	 -1.28572537
-0.44652821 	 -1.28178021
-0.44324492 	 -1.27777551
-0.43996162 	 -1.27371478
-0.43667833 	 -1.26960157
-0.43339503 	 -1.26543953
-0.43011173 	 -1.26123235
-0.42682844 	 -1.25698376
-0.42354514 	 -1.25269755
-0.42026185 	 -1.24837749
-0.41697855 	 -1.24402740
-0.41369526 	 -1.23965106
-0.41041196 	 -1.23525226
-0.40712866 	 -1.23083476
-0.40384537 	 -1.22640230
-0.40056207 	 -1.22195854
-0.39727878 	 -1.21750714
-0.39399548 	 -1.21305164
-0.39071219 	 -1.20859555
-0.38742889 	 -1.20414230
-0.38414559 	 -1.19969521
-0.38086230 	 -1.19525753
-0.37757900 	 -1.19083242
-0.37429571 	 -1.18642291
-0.37101241 	 -1.18203195
-0.36772912 	 -1.17766236
-0.36444582 	 -1.17331688
-0.36116252 	 -1.16899808
-0.35787923 	 -1.16470847
-0.35459593 	 -1.16045040
-0.35131264 	 -1.15622611
-0.34802934 	 -1.15203773
-0.34474605 	 -1.14788725
-0.34146275 	 -1.14377656
-0.33817945 	 -1.13970741
-0.33489616 	 -1.13568145
-0.33161286 	 -1.13170020
-0.32832957 	 -1.12776507
-0.32504627 	 -1.12387735
-0.32176298 	 -1.12003823
-0.31847968 	 -1.11624878
-0.31519638 	 -1.11250999
-0.31191309 	 -1.10882271
-0.30862979 	 -1.10518773
-0.30534650 	 -1.10160571
-0.30206320 	 -1.09807725
-0.29877991 	 -1.09460285
-0.29549661 	 -1.09118291
-0.29221332 	 -1.08781778
-0.28893002 	 -1.08450770
-0.28564672 	 -1.08125287
-0.28236343 	 -1.07805340
-0.27908013 	 -1.07490933
-0.27579684 	 -1.07182066
-0.27251354 	 -1.06878731
-0.26923025 	 -1.06580916
-0.26594695 	 -1.06288603
-0.26266365 	 -1.06001770
-0.25938036 	 -1.05720390
-0.25609706 	 -1.05444431
-0.25281377 	 -1.05173860
-0.24953047 	 -1.04908638
-0.24624718 	 -1.04648723
-0.24296388 	 -1.04394071
-0.23968058 	 -1.04144636
-0.23639729 	 -1.03900366
-0.23311399 	 -1.03661212
-0.22983070 	 -1.03427118
-0.22654740 	 -1.03198032
-0.22326411 	 -1.02973894
-0.21998081 	 -1.02754649
-0.21669751 	 -1.02538746
-0.21341422 	 -1.02327803
-0.21013092 	 -1.02121796
-0.20684763 	 -1.01920639
-0.20356433 	 -1.01724248
-0.20028104 	 -1.01532541
-0.19699774 	 -1.01345437
-0.19371444 	 -1.01162857
-0.19043115 	 -1.00984723
-0.18714785 	 -1.00810961
-0.18386456 	 -1.00641495
-0.18058126 	 -1.00476255
-0.17729797 	 -1.00315168
-0.17401467 	 -1.00158167
-0.17073138 	 -1.00005184
-0.16744808 	 -0.99856154
-0.16416478 	 -0.99711012
-0.16088149 	 -0.99569695
-0.15759819 	 -0.99432144
-0.15431490 	 -0.99298299
-0.15103160 	 -0.99168102
-0.14774831 	 -0.99041496
-0.14446501 	 -0.98918429
-0.14118171 	 -0.98798845
-0.13789842 	 -0.98682694
-0.13461512 	 -0.98569925
-0.13133183 	 -0.98460491
-0.12804853 	 -0.98354343
-0.12476524 	 -0.98251435
-0.12148194 	 -0.98151724
-0.11819864 	 -0.98055166
-0.11491535 	 -0.97961720
-0.11163205 	 -0.97871345
-0.10834876 	 -0.97784002
-0.10506546 	 -0.97699654
-0.10178217 	 -0.97618264
-0.09849887 	 -0.97539798
-0.09521557 	 -0.97464221
-0.09193228 	 -0.97391501
-0.08864898 	 -0.97321606
-0.08536569 	 -0.97254508
-0.08208239 	 -0.97190176
-0.07879910 	 -0.97128583
-0.07551580 	 -0.97069703
-0.07223250 	 -0.97013510
-0.06894921 	 -0.96959981
-0.06566591 	 -0.96909092
-0.06238262 	 -0.96860822
-0.05909932 	 -0.96815149
-0.05581603 	 -0.96772055
-0.05253273 	 -0.96731521
-0.04924944 	 -0.96693529
-0.04596614 	 -0.96658063
-0.04268284 	 -0.96625109
-0.03939955 	 -0.96594652
-0.03611625 	 -0.96566678
-0.03283296 	 -0.96541177
-0.02954966 	 -0.96518137
-0.02626637 	 -0.96497548
-0.02298307 	 -0.96479402
-0.01969977 	 -0.96463691
-0.01641648 	 -0.96450408
-0.01313318 	 -0.96439548
-0.00984989 	 -0.96431106
-0.00656659 	 -0.96425078
-0.00328330 	 -0.96421463
-0.00000000 	 -0.96420258
0.00328330 	 -0.96421463
0.00656659 	 -0.96425078
0.00984989 	 -0.96431106
0.01313318 	 -0.96439548
0.01641648 	 -0.96450408
0.01969977 	 -0.96463691
0.02298307 	 -0.96479402
0.02626637 	 -0.96497548
0.02954966 	 -0.96518137
0.03283296 	 -0.96541177
0.03611625 	 -0.96566678
0.03939955 	 -0.96594652
0.04268284 	 -0.96625109
0.04596614 	 -0.96658063
0.04924944 	 -0.96693529
0.05253273 	 -0.96731521
0.05581603 	 -0.96772055
0.05909932 	 -0.96815149
0.06238262 	 -0.96860822
0.06566591 	 -0.96909092
0.06894921 	 -0.96959981
0.07223250 	 -0.97013510
0.07551580 	 -0.97069703
0.07879910 	 -0.97128583
0.08208239 	 -0.97190176
0.08536569 	 -0.97254508
0.08864898 	 -0.97321606
0.09193228 	 -0.97391501
0.09521557 	 -0.97464221
0.09849887 	 -0.97539798
0.10178217 	 -0.97618264
0.10506546 	 -0.97699654
0.10834876 	 -0.97784002
0.11163205 	 -0.97871345
0.11491535 	 -0.97961720
0.11819864 	 -0.98055166
0.12148194 	 -0.98151724
0.12476524 	 -0.98251435
0.12804853 	 -0.98354343
0.13133183 	 -0.98460491
0.13461512 	 -0.98569925
0.13789842 	 -0.98682694
0.14118171 	 -0.98798845
0.14446501 	 -0.98918429
0.14774831 	 -0.99041496
0.15103160 	 -0.99168102
0.15431490 	 -0.99298299
0.15759819 	 -0.99432144
0.16088149 	 -0.99569695
0.16416478 	 -0.99711012
0.16744808 	 -0.99856154
0.17073138 	 -1.00005184
0.17401467 	 -1.00158167
0.17729797 	 -1.00315168
0.18058126 	 -1.00476255
0.18386456 	 -1.00641495
0.18714785 	 -1.00810961
0.19043115 	 -1.00984723
0.19371444 	 -1.01162857
0.19699774 	 -1.01345437
0.20028104 	 -1.01532541
0.20356433 	 -1.01724248
0.20684763 	 -1.01920639
0.21013092 	 -1.02121796
0.21341422 	 -1.02327803
0.21669751 	 -1.02538746
0.21998081 	 -1.02754649
0.22326411 	 -1.02973894
0.22654740 	 -1.03198032
0.22983070 	 -1.03427118
0.23311399 	 -1.03661212
0.23639729 	 -1.03900366
0.23968058 	 -1.04144636
0.24296388 	 -1.04394071
0.24624718 	 -1.04648723
0.24953047 	 -1.04908638
0.25281377 	 -1.05173860
0.25609706 	 -1.05444431
0.25938036 	 -1.05720390
0.26266365 	 -1.06001770
0.26594695 	 -1.06288603
0.26923025 	 -1.06580916
0.27251354 	 -1.06878731
0.27579684 	 -1.07182066
0.27908013 	 -1.07490933
0.28236343 	 -1.07805340
0.28564672 	 -1.08125287
0.28893002 	 -1.08450770
0.29221332 	 -1.08781778
0.29549661 	 -1.09118291
0.29877991 	 -1.09460285
0.30206320 	 -1.09807725
0.30534650 	 -1.10160571
0.30862979 	 -1.10518773
0.31191309 	 -1.10882271
0.31519638 	 -1.11250999
0.31847968 	 -1.11624878
0.32176298 	 -1.12003823
0.32504627 	 -1.12387735
0.32832957 	 -1.12776507
0.33161286 	 -1.13170020
0.33489616 	 -1.13568145
0.33817945 	 -1.13970741
0.34146275 	 -1.14377656
0.34474605 	 -1.14788725
0.34802934 	 -1.15203773
0.35131264 	 -1.15622611
0.35459593 	 -1.16045040
0.35787923 	 -1.16470847
0.36116252 	 -1.16899808
0.36444582 	 -1.17331688
0.36772912 	 -1.17766236
0.37101241 	 -1.18203195
0.37429571 	 -1.18642291
0.37757900 	 -1.19083242
0.38086230 	 -1.19525753
0.38414559 	 -1.19969521
0.38742889 	 -1.20414230
0.39071219 	 -1.20859555
0.39399548 	 -1.21305164
0.39727878 	 -1.21750714
0.40056207 	 -1.22195854
0.40384537 	 -1.22640230
0.40712866 	 -1.23083476
0.41041196 	 -1.23525226
0.41369526 	 -1.23965106
0.41697855 	 -1.24402740
0.42026185 	 -1.24837749
0.42354514 	 -1.25269755
0.42682844 	 -1.25698376
0.43011173 	 -1.26123235
0.43339503 	 -1.26543953
0.43667833 	 -1.26960157
0.43996162 	 -1.27371478
0.44324492 	 -1.27777551
0.44652821 	 -1.28178021
0.44981151 	 -1.28572537
0.45309480 	 -1.28960761
0.45637810 	 -1.29342361
0.45966139 	 -1.29717019
0.46294469 	 -1.30084429
0.46622799 	 -1.30444296
0.46951128 	 -1.30796342
0.47279458 	 -1.31140300
0.47607787 	 -1.31475922
0.47936117 	 -1.31802974
0.48264446 	 -1.32121237
0.48592776 	 -1.32430513
0.48921106 	 -1.32730616
0.49249435 	 -1.33021382
0.49577765 	 -1.33302662
0.49906094 	 -1.33574323
0.50234424 	 -1.33836254
0.50562753 	 -1.34088356
0.50891083 	 -1.34330550
0.51219413 	 -1.34562772
0.51547742 	 -1.34784974
0.51876072 	 -1.34997125
0.52204401 	 -1.35199206
0.52532731 	 -1.35391215
0.52861060 	 -1.35573162
0.53189390 	 -1.35745070
0.53517720 	 -1.35906972
0.53846049 	 -1.36058916
0.54174379 	 -1.36200957
0.54502708 	 -1.36333162
0.54831038 	 -1.36455603
0.55159367 	 -1.36568363
0.55487697 	 -1.36671532
0.55816027 	 -1.36765203
0.56144356 	 -1.36849477
0.56472686 	 -1.36924460
0.56801015 	 -1.36990261
0.57129345 	 -1.37046990
0.57457674 	 -1.37094764
0.57786004 	 -1.37133698
0.58114333 	 -1.37163910
0.58442663 	 -1.37185520
0.58770993 	 -1.37198646
0.59099322 	 -1.37203406
0.59427652 	 -1.37199921
0.59755981 	 -1.37188306
0.60084311 	 -1.37168679
0.60412640 	 -1.37141153
0.60740970 	 -1.37105842
0.61069300 	 -1.37062856
0.61397629 	 -1.37012304
0.61725959 	 -1.36954292
0.62054288 	 -1.36888923
0.62382618 	 -1.36816299
0.62710947 	 -1.36736517
0.63039277 	 -1.36649672
0.63367607 	 -1.36555857
0.63695936 	 -1.36455162
0.64024266 	 -1.36347672
0.64352595 	 -1.36233472
0.64680925 	 -1.36112641
0.65009254 	 -1.35985258
0.65337584 	 -1.35851397
0.65665914 	 -1.35711130
0.65994243 	 -1.35564527
0.66322573 	 -1.35411653
0.66650902 	 -1.35252574
0.66979232 	 -1.35087349
0.67307561 	 -1.34916037
0.67635891 	 -1.34738695
0.67964221 	 -1.34555376
0.68292550 	 -1.34366132
0.68620880 	 -1.34171011
0.68949209 	 -1.33970061
0.69277539 	 -1.33763326
0.69605868 	 -1.33550850
0.69934198 	 -1.33332672
0.70262527 	 -1.33108831
0.70590857 	 -1.32879366
0.70919187 	 -1.32644310
0.71247516 	 -1.32403698
0.71575846 	 -1.32157561
0.71904175 	 -1.31905930
0.72232505 	 -1.31648833
0.72560834 	 -1.31386298
0.72889164 	 -1.31118351
0.73217494 	 -1.30845017
0.73545823 	 -1.30566319
0.73874153 	 -1.30282279
0.74202482 	 -1.29992919
0.74530812 	 -1.29698258
0.74859141 	 -1.29398316
0.75187471 	 -1.29093111
0.75515801 	 -1.28782659
0.75844130 	 -1.28466978
0.76172460 	 -1.28146082
0.76500789 	 -1.27819986
0.76829119 	 -1.27488705
0.77157448 	 -1.27152252
0.77485778 	 -1.26810640
0.77814108 	 -1.26463880
0.78142437 	 -1.26111986
0.78470767 	 -1.25754968
0.78799096 	 -1.25392837
0.79127426 	 -1.25025604
0.79455755 	 -1.24653279
0.79784085 	 -1.24275872
0.80112415 	 -1.23893394
0.80440744 	 -1.23505855
0.80769074 	 -1.23113263
0.81097403 	 -1.22715629
0.81425733 	 -1.22312962
0.81754062 	 -1.21905272
0.82082392 	 -1.21492569
0.82410721 	 -1.21074863
0.82739051 	 -1.20652164
0.83067381 	 -1.20224483
0.83395710 	 -1.19791829
0.83724040 	 -1.19354215
0.84052369 	 -1.18911650
0.84380699 	 -1.18464148
0.84709028 	 -1.18011720
0.85037358 	 -1.17554378
0.85365688 	 -1.17092137
0.85694017 	 -1.16625008
0.86022347 	 -1.16153007
0.86350676 	 -1.15676148
0.86679006 	 -1.15194448
0.87007335 	 -1.14707921
0.87335665 	 -1.14216584
0.87663995 	 -1.13720456
0.87992324 	 -1.13219555
0.88320654 	 -1.12713899
0.88648983 	 -1.12203509
0.88977313 	 -1.11688405
0.89305642 	 -1.11168609
0.89633972 	 -1.10644143
0.89962302 	 -1.10115032
0.90290631 	 -1.09581298
0.90618961 	 -1.09042968
0.90947290 	 -1.08500068
0.91275620 	 -1.07952624
0.91603949 	 -1.07400666
0.91932279 	 -1.06844222
0.92260609 	 -1.06283324
0.92588938 	 -1.05718001
0.92917268 	 -1.05148287
0.93245597 	 -1.04574215
0.93573927 	 -1.03995820
0.93902256 	 -1.03413137
0.94230586 	 -1.02826203
0.94558915 	 -1.02235057
0.94887245 	 -1.01639736
0.95215575 	 -1.01040281
0.95543904 	 -1.00436734
0.95872234 	 -0.99829137
0.96200563 	 -0.99217534
0.96528893 	 -0.98601969
0.96857222 	 -0.97982488
0.97185552 	 -0.97359138
0.97513882 	 -0.96731969
0.97842211 	 -0.96101028
0.98170541 	 -0.95466368
0.98498870 	 -0.94828039
0.98827200 	 -0.94186096
0.99155529 	 -0.93540593
0.99483859 	 -0.92891584
0.99812189 	 -0.92239128
1.00140518 	 -0.91583283
1.00468848 	 -0.90924108
1.00797177 	 -0.90261663
1.01125507 	 -0.89596012
1.01453836 	 -0.88927217
1.01782166 	 -0.88255344
1.02110496 	 -0.87580460
1.02438825 	 -0.86902631
1.02767155 	 -0.86221928
1.03095484 	 -0.85538421
1.03423814 	 -0.84852183
1.03752143 	 -0.84163288
1.04080473 	 -0.83471812
1.04408803 	 -0.82777832
1.04737132 	 -0.82081427
1.05065462 	 -0.81382680
1.05393791 	 -0.80681673
1.05722121 	 -0.79978492
1.06050450 	 -0.79273225
1.06378780 	 -0.78565961
1.06707109 	 -0.77856792
1.07035439 	 -0.77145814
1.07363769 	 -0.76433124
1.07692098 	 -0.75718822
1.08020428 	 -0.75003014
1.08348757 	 -0.74285804
1.08677087 	 -0.73567305
1.09005416 	 -0.72847630
1.09333746 	 -0.72126898
1.09662076 	 -0.71405232
1.09990405 	 -0.70682760
1.10318735 	 -0.69959614
1.10647064 	 -0.69235933
1.10975394 	 -0.68511862
1.11303723 	 -0.67787551
1.11632053 	 -0.67063161
1.11960383 	 -0.66338857
1.12288712 	 -0.65614814
1.12617042 	 -0.64891217
1.12945371 	 -0.64168262
1.13273701 	 -0.63446154
1.13602030 	 -0.62725114
1.13930360 	 -0.62005375
1.14258690 	 -0.61287185
1.14587019 	 -0.60570811
1.14915349 	 -0.59856538
1.15243678 	 -0.59144671
1.15572008 	 -0.58435540
1.15900337 	 -0.57729500
1.16228667 	 -0.57026935
1.16556997 	 -0.56328262
1.16885326 	 -0.55633935
1.17213656 	 -0.54944445
1.17541985 	 -0.54260332
1.17870315 	 -0.53582184
1.18198644 	 -0.52910645
1.18526974 	 -0.52246424
1.18855304 	 -0.51590300
1.19183633 	 -0.50943130
1.19511963 	 -0.50305860
1.19840292 	 -0.49679533
1.20168622 	 -0.49065302
1.20496951 	 -0.48464438
1.20825281 	 -0.47878345
1.21153610 	 -0.47308572
1.21481940 	 -0.46756822
1.21810270 	 -0.46224964
1.22138599 	 -0.45715044
1.22466929 	 -0.45229286
1.22795258 	 -0.44770094
1.23123588 	 -0.44340045
1.23451917 	 -0.43941870
1.23780247 	 -0.43578432
1.24108577 	 -0.43642654
1.24436906 	 -0.43795243
1.24765236 	 -0.43922992
1.25093565 	 -0.44025103
1.25421895 	 -0.44100876
1.25750224 	 -0.44149717
1.26078554 	 -0.44171153
band  2
-1.26078554 	 -0.89648463
-1.25750224 	 -0.89673739
-1.25421895 	 -0.89731418
-1.25093565 	 -0.89821064
-1.24765236 	 -0.89942122
-1.24436906 	 -0.90093925
-1.24108577 	 -0.90275708
-1.23780247 	 -0.90486617
-1.23451917 	 -0.90725726
-1.23123588 	 -0.90992047
-1.22795258 	 -0.91284544
-1.22466929 	 -0.91602149
-1.22138599 	 -0.91943767
-1.21810270 	 -0.92308295
-1.21481940 	 -0.92694627
-1.21153610 	 -0.93101664
-1.20825281 	 -0.93528321
-1.20496951 	 -0.93973533
-1.20168622 	 -0.94436264
-1.19840292 	 -0.94915505
-1.19511963 	 -0.95410281
-1.19183633 	 -0.95919653
-1.18855304 	 -0.96442717
-1.18526974 	 -0.96978608
-1.18198644 	 -0.97526499
-1.17870315 	 -0.98085599
-1.17541985 	 -0.98655156
-1.17213656 	 -0.99234453
-1.16885326 	 -0.99822809
-1.16556997 	 -1.00419576
-1.16228667 	 -1.01024139
-1.15900337 	 -1.01635916
-1.15572008 	 -1.02254351
-1.15243678 	 -1.02878920
-1.14915349 	 -1.03509123
-1.14587019 	 -1.04144486
-1.14258690 	 -1.04784561
-1.13930360 	 -1.05428921
-1.13602030 	 -1.06077158
-1.13273701 	 -1.06728888
-1.12945371 	 -1.07383743
-1.12617042 	 -1.08041375
-1.12288712 	 -1.08701449
-1.11960383 	 -1.09363650
-1.11632053 	 -1.10027673
-1.11303723 	 -1.10693231
-1.10975394 	 -1.11360048
-1.10647064 	 -1.12027858
-1.10318735 	 -1.12696410
-1.09990405 	 -1.13365462
-1.09662076 	 -1.14034782
-1.09333746 	 -1.14704147
-1.09005416 	 -1.15373344
-1.08677087 	 -1.16042169
-1.08348757 	 -1.16710423
-1.08020428 	 -1.17377918
-1.07692098 	 -1.18044470
-1.07363769 	 -1.18709904
-1.07035439 	 -1.19374051
-1.06707109 	 -1.20036746
-1.06378780 	 -1.20697832
-1.06050450 	 -1.21357157
-1.05722121 	 -1.22014573
-1.05393791 	 -1.22669938
-1.05065462 	 -1.23323115
-1.04737132 	 -1.23973970
-1.04408803 	 -1.24622375
-1.04080473 	 -1.25268204
-1.03752143 	 -1.25911338
-1.03423814 	 -1.26551658
-1.03095484 	 -1.27189053
-1.02767155 	 -1.27823411
-1.02438825 	 -1.28454627
-1.02110496 	 -1.29082598
-1.01782166 	 -1.29707223
-1.01453836 	 -1.30328407
-1.01125507 	 -1.30946054
-1.00797177 	 -1.31560074
-1.00468848 	 -1.32170378
-1.00140518 	 -1.32776882
-0.99812189 	 -1.33379503
-0.99483859 	 -1.33978161
-0.99155529 	 -1.34572777
-0.98827200 	 -1.35163277
-0.98498870 	 -1.35749589
-0.98170541 	 -1.36331641
-0.97842211 	 -1.36909367
-0.97513882 	 -1.37482700
-0.97185552 	 -1.38051577
-0.96857222 	 -1.38615936
-0.96528893 	 -1.39175719
-0.96200563 	 -1.39730869
-0.95872234 	 -1.40281331
-0.95543904 	 -1.40827051
-0.95215575 	 -1.41367980
-0.94887245 	 -1.41904067
-0.94558915 	 -1.42435266
-0.94230586 	 -1.42961532
-0.93902256 	 -1.43482821
-0.93573927 	 -1.43999091
-0.93245597 	 -1.44510303
-0.92917268 	 -1.45016419
-0.92588938 	 -1.45517401
-0.92260609 	 -1.46013216
-0.91932279 	 -1.46503828
-0.91603949 	 -1.46989207
-0.91275620 	 -1.47469322
-0.90947290 	 -1.47944144
-0.90618961 	 -1.48413645
-0.90290631 	 -1.48877798
-0.89962302 	 -1.49336579
-0.89633972 	 -1.49789963
-0.89305642 	 -1.50237927
-0.88977313 	 -1.50680449
-0.88648983 	 -1.51117508
-0.88320654 	 -1.51549085
-0.87992324 	 -1.51975159
-0.87663995 	 -1.52395713
-0.87335665 	 -1.52810727
-0.87007335 	 -1.53220186
-0.86679006 	 -1.53624073
-0.86350676 	 -1.54022370
-0.86022347 	 -1.54415063
-0.85694017 	 -1.54802135
-0.85365688 	 -1.55183570
-0.85037358 	 -1.55559354
-0.84709028 	 -1.55929470
-0.84380699 	 -1.56293904
-0.84052369 	 -1.56652638
-0.83724040 	 -1.57005657
-0.83395710 	 -1.57352944
-0.83067381 	 -1.57694481
-0.82739051 	 -1.58030250
-0.82410721 	 -1.58360233
-0.82082392 	 -1.58684409
-0.81754062 	 -1.59002757
-0.81425733 	 -1.59315256
-0.81097403 	 -1.59621881
-0.80769074 	 -1.59922607
-0.80440744 	 -1.60217408
-0.80112415 	 -1.60506256
-0.79784085 	 -1.60789120
-0.79455755 	 -1.61065967
-0.79127426 	 -1.61336762
-0.78799096 	 -1.61601470
-0.78470767 	 -1.61860049
-0.78142437 	 -1.62112458
-0.77814108 	 -1.62358651
-0.77485778 	 -1.62598580
-0.77157448 	 -1.62832194
-0.76829119 	 -1.63059438
-0.76500789 	 -1.63280252
-0.76172460 	 -1.63494576
-0.75844130 	 -1.63702343
-0.75515801 	 -1.63903482
-0.75187471 	 -1.64097920
-0.74859141 	 -1.64285576
-0.74530812 	 -1.64466368
-0.74202482 	 -1.64640208
-0.73874153 	 -1.64807001
-0.73545823 	 -1.64966648
-0.73217494 	 -1.65119047
-0.72889164 	 -1.65264087
-0.72560834 	 -1.65401654
-0.72232505 	 -1.65531625
-0.71904175 	 -1.65653874
-0.71575846 	 -1.65768268
-0.71247516 	 -1.65874667
-0.70919187 	 -1.65972924
-0.70590857 	 -1.66062888
-0.70262527 	 -1.66144398
-0.69934198 	 -1.66217290
-0.69605868 	 -1.66281389
-0.69277539 	 -1.66336517
-0.68949209 	 -1.66382486
-0.68620880 	 -1.66419104
-0.68292550 	 -1.66446169
-0.67964221 	 -1.66463475
-0.67635891 	 -1.66470809
-0.67307561 	 -1.66467950
-0.66979232 	 -1.66454671
-0.66650902 	 -1.66430739
-0.66322573 	 -1.66395918
-0.65994243 	 -1.66349962
-0.65665914 	 -1.66292623
-0.65337584 	 -1.66223647
-0.65009254 	 -1.66142777
-0.64680925 	 -1.66049753
-0.64352595 	 -1.65944311
-0.64024266 	 -1.65826185
-0.63695936 	 -1.65695111
-0.63367607 	 -1.65550820
-0.63039277 	 -1.65393049
-0.62710947 	 -1.65221535
-0.62382618 	 -1.65036017
-0.62054288 	 -1.64836242
-0.61725959 	 -1.64621961
-0.61397629 	 -1.64392933
-0.61069300 	 -1.64148929
-0.60740970 	 -1.63889727
-0.60412640 	 -1.63615122
-0.60084311 	 -1.63324920
-0.59755981 	 -1.63018948
-0.59427652 	 -1.62697049
-0.59099322 	 -1.62359087
-0.58770993 	 -1.62004949
-0.58442663 	 -1.61634546
-0.58114333 	 -1.61247817
-0.57786004 	 -1.60844729
-0.57457674 	 -1.60425279
-0.57129345 	 -1.59989494
-0.56801015 	 -1.59537439
-0.56472686 	 -1.59069209
-0.56144356 	 -1.58584938
-0.55816027 	 -1.58084797
-0.55487697 	 -1.57568992
-0.55159367 	 -1.57037770
-0.54831038 	 -1.56491416
-0.54502708 	 -1.55930251
-0.54174379 	 -1.55354636
-0.53846049 	 -1.54764970
-0.53517720 	 -1.54161686
-0.53189390 	 -1.53545254
-0.52861060 	 -1.52916176
-0.52532731 	 -1.52274987
-0.52204401 	 -1.51622250
-0.51876072 	 -1.50958557
-0.51547742 	 -1.50284524
-0.51219413 	 -1.49600791
-0.50891083 	 -1.48908015
-0.50562753 	 -1.48206871
-0.50234424 	 -1.47498048
-0.49906094 	 -1.46782244
-0.49577765 	 -1.46060168
-0.49249435 	 -1.45332530
-0.48921106 	 -1.44600044
-0.48592776 	 -1.43863422
-0.48264446 	 -1.43123373
-0.47936117 	 -1.42380599
-0.47607787 	 -1.41635793
-0.47279458 	 -1.40889636
-0.46951128 	 -1.40142798
-0.46622799 	 -1.39395930
-0.46294469 	 -1.38649669
-0.45966139 	 -1.37904631
-0.45637810 	 -1.37161411
-0.45309480 	 -1.36420586
-0.44981151 	 -1.35682706
-0.44652821 	 -1.34948301
-0.44324492 	 -1.34217874
-0.43996162 	 -1.33491905
-0.43667833 	 -1.32770848
-0.43339503 	 -1.32055132
-0.43011173 	 -1.31345161
-0.42682844 	 -1.30641313
-0.42354514 	 -1.29943941
-0.42026185 	 -1.29253372
-0.41697855 	 -1.28569910
-0.41369526 	 -1.27893835
-0.41041196 	 -1.27225402
-0.40712866 	 -1.26564844
-0.40384537 	 -1.25912372
-0.40056207 	 -1.25268175
-0.39727878 	 -1.24632421
-0.39399548 	 -1.24005259
-0.39071219 	 -1.23386818
-0.38742889 	 -1.22777210
-0.38414559 	 -1.22176526
-0.38086230 	 -1.21584846
-0.37757900 	 -1.21002229
-0.37429571 	 -1.20428722
-0.37101241 	 -1.19864358
-0.36772912 	 -1.19309155
-0.36444582 	 -1.18763120
-0.36116252 	 -1.18226249
-0.35787923 	 -1.17698526
-0.35459593 	 -1.17179924
-0.35131264 	 -1.16670409
-0.34802934 	 -1.16169937
-0.34474605 	 -1.15678457
-0.34146275 	 -1.15195908
-0.33817945 	 -1.14722225
-0.33489616 	 -1.14257337
-0.33161286 	 -1.13801165
-0.32832957 	 -1.13353627
-0.32504627 	 -1.12914636
-0.32176298 	 -1.12484101
-0.31847968 	 -1.12061927
-0.31519638 	 -1.11648016
-0.31191309 	 -1.11242267
-0.30862979 	 -1.10844576
-0.30534650 	 -1.10454839
-0.30206320 	 -1.10072949
-0.29877991 	 -1.09698796
-0.29549661 	 -1.09332272
-0.29221332 	 -1.08973266
-0.28893002 	 -1.08621666
-0.28564672 	 -1.08277361
-0.28236343 	 -1.07940240
-0.27908013 	 -1.07610189
-0.27579684 	 -1.07287099
-0.27251354 	 -1.06970856
-0.26923025 	 -1.06661351
-0.26594695 	 -1.06358474
-0.26266365 	 -1.06062114
-0.25938036 	 -1.05772164
-0.25609706 	 -1.05488515
-0.25281377 	 -1.05211061
-0.24953047 	 -1.04939696
-0.24624718 	 -1.04674317
-0.24296388 	 -1.04414821
-0.23968058 	 -1.04161105
-0.23639729 	 -1.03913070
-0.23311399 	 -1.03670618
-0.22983070 	 -1.03433651
-0.22654740 	 -1.03202073
-0.22326411 	 -1.02975791
-0.21998081 	 -1.02754713
-0.21669751 	 -1.02540236
-0.21341422 	 -1.02330596
-0.21013092 	 -1.02125668
-0.20684763 	 -1.01925391
-0.20356433 	 -1.01729704
-0.20028104 	 -1.01538545
-0.19699774 	 -1.01351852
-0.19371444 	 -1.01169563
-0.19043115 	 -1.00991616
-0.18714785 	 -1.00817950
-0.18386456 	 -1.00648504
-0.18058126 	 -1.00483217
-0.17729797 	 -1.00322028
-0.17401467 	 -1.00164878
-0.17073138 	 -1.00011708
-0.16744808 	 -0.99862459
-0.16416478 	 -0.99717075
-0.16088149 	 -0.99575498
-0.15759819 	 -0.99437673
-0.15431490 	 -0.99303544
-0.15103160 	 -0.99173059
-0.14774831 	 -0.99046164
-0.14446501 	 -0.98922807
-0.14118171 	 -0.98802939
-0.13789842 	 -0.98686508
-0.13461512 	 -0.98573468
-0.13133183 	 -0.98463769
-0.12804853 	 -0.98357368
-0.12476524 	 -0.98254217
-0.12148194 	 -0.98154274
-0.11819864 	 -0.98057496
-0.11491535 	 -0.97963842
-0.11163205 	 -0.97873271
-0.10834876 	 -0.97785745
-0.10506546 	 -0.97701225
-0.10178217 	 -0.97619676
-0.09849887 	 -0.97541061
-0.09521557 	 -0.97465347
-0.09193228 	 -0.97392501
-0.08864898 	 -0.97322491
-0.08536569 	 -0.97255287
-0.08208239 	 -0.97190859
-0.07879910 	 -0.97129179
-0.07551580 	 -0.97070220
-0.07223250 	 -0.97013956
-0.06894921 	 -0.96960363
-0.06566591 	 -0.96909417
-0.06238262 	 -0.96861097
-0.05909932 	 -0.96815380
-0.05581603 	 -0.96772247
-0.05253273 	 -0.96731678
-0.04924944 	 -0.96693657
-0.04596614 	 -0.96658166
-0.04268284 	 -0.96625190
-0.03939955 	 -0.96594715
-0.03611625 	 -0.96566726
-0.03283296 	 -0.96541213
-0.02954966 	 -0.96518163
-0.02626637 	 -0.96497566
-0.02298307 	 -0.96479414
-0.01969977 	 -0.96463699
-0.01641648 	 -0.96450413
-0.01313318 	 -0.96439550
-0.00984989 	 -0.96431107
-0.00656659 	 -0.96425079
-0.00328330 	 -0.96421463
-0.00000000 	 -0.96420258
0.00328330 	 -0.96421463
0.00656659 	 -0.96425079
0.00984989 	 -0.96431107
0.01313318 	 -0.96439550
0.01641648 	 -0.96450413
0.01969977 	 -0.96463699
0.02298307 	 -0.96479414
0.02626637 	 -0.96497566
0.02954966 	 -0.96518163
0.03283296 	 -0.96541213
0.03611625 	 -0.96566726
0.03939955 	 -0.96594715
0.04268284 	 -0.96625190
0.04596614 	 -0.96658166
0.04924944 	 -0.96693657
0.05253273 	 -0.96731678
0.05581603 	 -0.96772247
0.05909932 	 -0.96815380
0.06238262 	 -0.96861097
0.06566591 	 -0.96909417
0.06894921 	 -0.96960363
0.07223250 	 -0.97013956
0.07551580 	 -0.97070220
0.07879910 	 -0.97129179
0.08208239 	 -0.97190859
0.08536569 	 -0.97255287
0.08864898 	 -0.97322491
0.09193228 	 -0.97392501
0.09521557 	 -0.97465347
0.09849887 	 -0.97541061
0.10178217 	 -0.97619676
0.10506546 	 -0.97701225
0.10834876 	 -0.97785745
0.11163205 	 -0.97873271
0.11491535 	 -0.97963842
0.11819864 	 -0.98057496
0.12148194 	 -0.98154274
0.12476524 	 -0.98254217
0.12804853 	 -0.98357368
0.13133183 	 -0.98463769
0.13461512 	 -0.98573468
0.13789842 	 -0.98686508
0.14118171 	 -0.98802939
0.14446501 	 -0.98922807
0.14774831 	 -0.99046164
0.15103160 	 -0.99173059
0.15431490 	 -0.99303544
0.15759819 	 -0.99437673
0.16088149 	 -0.99575498
0.16416478 	 -0.99717075
0.16744808 	 -0.99862459
0.17073138 	 -1.00011708
0.17401467 	 -1.00164878
0.17729797 	 -1.00322028
0.18058126 	 -1.00483217
0.18386456 	 -1.00648504
0.18714785 	 -1.00817950
0.19043115 	 -1.00991616
0.19371444 	 -1.01169563
0.19699774 	 -1.01351852
0.20028104 	 -1.01538545
0.20356433 	 -1.01729704
0.20684763 	 -1.01925391
0.21013092 	 -1.02125668
0.21341422 	 -1.02330596
0.21669751 	 -1.02540236
0.21998081 	 -1.02754713
0.22326411 	 -1.02975791
0.22654740 	 -1.03202073
0.22983070 	 -1.03433651
0.23311399 	 -1.03670618
0.23639729 	 -1.03913070
0.23968058 	 -1.04161105
0.24296388 	 -1.04414821
0.24624718 	 -1.04674317
0.24953047 	 -1.04939696
0.25281377 	 -1.05211061
0.25609706 	 -1.05488515
0.25938036 	 -1.05772164
0.26266365 	 -1.06062114
0.26594695 	 -1.06358474
0.26923025 	 -1.06661351
0.27251354 	 -1.06970856
0.27579684 	 -1.07287099
0.27908013 	 -1.07610189
0.28236343 	 -1.07940240
0.28564672 	 -1.08277361
0.28893002 	 -1.08621666
0.29221332 	 -1.08973266
0.29549661 	 -1.09332272
0.29877991 	 -1.09698796
0.30206320 	 -1.10072949
0.30534650 	 -1.10454839
0.30862979 	 -1.10844576
0.31191309 	 -1.11242267
0.31519638 	 -1.11648016
0.31847968 	 -1.12061927
0.32176298 	 -1.12484101
0.32504627 	 -1.12914636
0.32832957 	 -1.13353627
0.33161286 	 -1.13801165
0.33489616 	 -1.14257337
0.33817945 	 -1.14722225
0.34146275 	 -1.15195908
0.34474605 	 -1.15678457
0.34802934 	 -1.16169937
0.35131264 	 -1.16670409
0.35459593 	 -1.17179924
0.35787923 	 -1.17698526
0.36116252 	 -1.18226249
0.36444582 	 -1.18763120
0.36772912 	 -1.19309155
0.37101241 	 -1.19864358
0.37429571 	 -1.20428722
0.37757900 	 -1.21002229
0.38086230 	 -1.21584846
0.38414559 	 -1.22176526
0.38742889 	 -1.22777210
0.39071219 	 -1.23386818
0.39399548 	 -1.24005259
0.39727878 	 -1.24632421
0.40056207 	 -1.25268175
0.40384537 	 -1.25912372
0.40712866 	 -1.26564844
0.41041196 	 -1.27225402
0.41369526 	 -1.27893835
0.41697855 	 -1.28569910
0.42026185 	 -1.29253372
0.42354514 	 -1.29943941
0.42682844 	 -1.30641313
0.43011173 	 -1.31345161
0.43339503 	 -1.32055132
0.43667833 	 -1.32770848
0.43996162 	 -1.33491905
0.44324492 	 -1.34217874
0.44652821 	 -1.34948301
0.44981151 	 -1.35682706
0.45309480 	 -1.36420586
0.45637810 	 -1.37161411
0.45966139 	 -1.37904631
0.46294469 	 -1.38649669
0.46622799 	 -1.39395930
0.46951128 	 -1.40142798
0.47279458 	 -1.40889636
0.47607787 	 -1.41635793
0.47936117 	 -1.42380599
0.48264446 	 -1.43123373
0.48592776 	 -1.43863422
0.48921106 	 -1.44600044
0.49249435 	 -1.45332530
0.49577765 	 -1.46060168
0.49906094 	 -1.46782244
0.50234424 	 -1.47498048
0.50562753 	 -1.48206871
0.50891083 	 -1.48908015
0.51219413 	 -1.49600791
0.51547742 	 -1.50284524
0.51876072 	 -1.50958557
0.52204401 	 -1.51622250
0.52532731 	 -1.52274987
0.52861060 	 -1.52916176
0.53189390 	 -1.53545254
0.53517720 	 -1.54161686
0.53846049 	 -1.54764970
0.54174379 	 -1.55354636
0.54502708 	 -1.55930251
0.54831038 	 -1.56491416
0.55159367 	 -1.57037770
0.55487697 	 -1.57568992
0.55816027 	 -1.58084797
0.56144356 	 -1.58584938
0.56472686 	 -1.59069209
0.56801015 	 -1.59537439
0.57129345 	 -1.59989494
0.57457674 	 -1.60425279
0.57786004 	 -1.60844729
0.58114333 	 -1.61247817
0.58442663 	 -1.61634546
0.58770993 	 -1.62004949
0.59099322 	 -1.62359087
0.59427652 	 -1.62697049
0.59755981 	 -1.63018948
0.60084311 	 -1.63324920
0.60412640 	 -1.63615122
0.60740970 	 -1.63889727
0.61069300 	 -1.64148929
0.61397629 	 -1.64392933
0.61725959 	 -1.64621961
0.62054288 	 -1.64836242
0.62382618 	 -1.65036017
0.62710947 	 -1.65221535
0.63039277 	 -1.65393049
0.63367607 	 -1.65550820
0.63695936 	 -1.65695111
0.64024266 	 -1.65826185
0.64352595 	 -1.65944311
0.64680925 	 -1.66049753
0.65009254 	 -1.66142777
0.65337584 	 -1.66223647
0.65665914 	 -1.66292623
0.65994243 	 -1.66349962
0.66322573 	 -1.66395918
0.66650902 	 -1.66430739
0.66979232 	 -1.66454671
0.67307561 	 -1.66467950
0.67635891 	 -1.66470809
0.67964221 	 -1.66463475
0.68292550 	 -1.66446169
0.68620880 	 -1.66419104
0.68949209 	 -1.66382486
0.69277539 	 -1.66336517
0.69605868 	 -1.66281389
0.69934198 	 -1.66217290
0.70262527 	 -1.66144398
0.70590857 	 -1.66062888
0.70919187 	 -1.65972924
0.71247516 	 -1.65874667
0.71575846 	 -1.65768268
0.71904175 	 -1.65653874
0.72232505 	 -1.65531625
0.72560834 	 -1.65401654
0.72889164 	 -1.65264087
0.73217494 	 -1.65119047
0.73545823 	 -1.64966648
0.73874153 	 -1.64807001
0.74202482 	 -1.64640208
0.74530812 	 -1.64466368
0.74859141 	 -1.64285576
0.75187471 	 -1.64097920
0.75515801 	 -1.63903482
0.75844130 	 -1.63702343
0.76172460 	 -1.63494576
0.76500789 	 -1.63280252
0.76829119 	 -1.63059438
0.77157448 	 -1.62832194
0.77485778 	 -1.62598580
0.77814108 	 -1.62358651
0.78142437 	 -1.62112458
0.78470767 	 -1.61860049
0.78799096 	 -1.61601470
0.79127426 	 -1.61336762
0.79455755 	 -1.61065967
0.79784085 	 -1.60789120
0.80112415 	 -1.60506256
0.80440744 	 -1.60217408
0.80769074 	 -1.59922607
0.81097403 	 -1.59621881
0.81425733 	 -1.59315256
0.81754062 	 -1.59002757
0.82082392 	 -1.58684409
0.82410721 	 -1.58360233
0.82739051 	 -1.58030250
0.83067381 	 -1.57694481
0.83395710 	 -1.57352944
0.83724040 	 -1.57005657
0.84052369 	 -1.56652638
0.84380699 	 -1.56293904
0.84709028 	 -1.55929470
0.85037358 	 -1.55559354
0.85365688 	 -1.55183570
0.85694017 	 -1.54802135
0.86022347 	 -1.54415063
0.86350676 	 -1.54022370
0.86679006 	 -1.53624073
0.87007335 	 -1.53220186
0.87335665 	 -1.52810727
0.87663995 	 -1.52395713
0.87992324 	 -1.51975159
0.88320654 	 -1.51549085
0.88648983 	 -1.51117508
0.88977313 	 -1.50680449
0.89305642 	 -1.50237927
0.89633972 	 -1.49789963
0.89962302 	 -1.49336579
0.90290631 	 -1.48877798
0.90618961 	 -1.48413645
0.90947290 	 -1.47944144
0.91275620 	 -1.47469322
0.91603949 	 -1.46989207
0.91932279 	 -1.46503828
0.92260609 	 -1.46013216
0.92588938 	 -1.45517401
0.92917268 	 -1.45016419
0.93245597 	 -1.44510303
0.93573927 	 -1.43999091
0.93902256 	 -1.43482821
0.94230586 	 -1.42961532
0.94558915 	 -1.42435266
0.94887245 	 -1.41904067
0.95215575 	 -1.41367980
0.95543904 	 -1.40827051
0.95872234 	 -1.40281331
0.96200563 	 -1.39730869
0.96528893 	 -1.39175719
0.96857222 	 -1.38615936
0.97185552 	 -1.38051577
0.97513882 	 -1.37482700
0.97842211 	 -1.36909367
0.98170541 	 -1.36331641
0.98498870 	 -1.35749589
0.98827200 	 -1.35163277
0.99155529 	 -1.34572777
0.99483859 	 -1.33978161
0.99812189 	 -1.33379503
1.00140518 	 -1.32776882
1.00468848 	 -1.32170378
1.00797177 	 -1.31560074
1.01125507 	 -1.30946054
1.01453836 	 -1.30328407
1.01782166 	 -1.29707223
1.02110496 	 -1.29082598
1.02438825 	 -1.28454627
1.02767155 	 -1.27823411
1.03095484 	 -1.27189053
1.03423814 	 -1.26551658
1.03752143 	 -1.25911338
1.04080473 	 -1.25268204
1.04408803 	 -1.24622375
1.04737132 	 -1.23973970
1.05065462 	 -1.23323115
1.05393791 	 -1.22669938
1.05722121 	 -1.22014573
1.06050450 	 -1.21357157
1.06378780 	 -1.20697832
1.06707109 	 -1.20036746
1.07035439 	 -1.19374051
1.07363769 	 -1.18709904
1.07692098 	 -1.18044470
1.08020428 	 -1.17377918
1.08348757 	 -1.16710423
1.08677087 	 -1.16042169
1.09005416 	 -1.15373344
1.09333746 	 -1.14704147
1.09662076 	 -1.14034782
1.09990405 	 -1.13365462
1.10318735 	 -1.12696410
1.10647064 	 -1.12027858
1.10975394 	 -1.11360048
1.11303723 	 -1.10693231
1.11632053 	 -1.10027673
1.11960383 	 -1.09363650
1.12288712 	 -1.08701449
1.12617042 	 -1.08041375
1.12945371 	 -1.07383743
1.13273701 	 -1.06728888
1.13602030 	 -1.06077158
1.13930360 	 -1.05428921
1.14258690 	 -1.04784561
1.14587019 	 -1.04144486
1.14915349 	 -1.03509123
1.15243678 	 -1.02878920
1.15572008 	 -1.02254351
1.15900337 	 -1.01635916
1.16228667 	 -1.01024139
1.16556997 	 -1.00419576
1.16885326 	 -0.99822809
1.17213656 	 -0.99234453
1.17541985 	 -0.98655156
1.17870315 	 -0.98085599
1.18198644 	 -0.97526499
1.18526974 	 -0.96978608
1.18855304 	 -0.96442717
1.19183633 	 -0.95919653
1.19511963 	 -0.95410281
1.19840292 	 -0.94915505
1.20168622 	 -0.94436264
1.20496951 	 -0.93973533
1.20825281 	 -0.93528321
1.21153610 	 -0.93101664
1.21481940 	 -0.92694627
1.21810270 	 -0.92308295
1.22138599 	 -0.91943767
1.22466929 	 -0.91602149
1.22795258 	 -0.91284544
1.23123588 	 -0.90992047
1.23451917 	 -0.90725726
1.23780247 	 -0.90486617
1.24108577 	 -0.90275708
1.24436906 	 -0.90093925
1.24765236 	 -0.89942122
1.25093565 	 -0.89821064
1.25421895 	 -0.89731418
1.25750224 	 -0.89673739
1.26078554 	 -0.89648463
